log_returns,log_returns_norm,out_log_returns,out_log_returns_norm,bin_output
-0.01891550002012808,-1.2301322570733675,-0.01570047281559374,-1.0283427736584965,0
-0.01570047281559374,-1.0283427736584965,0.01318478660529794,0.7846252686105225,1
0.01318478660529794,0.7846252686105225,0.029534312539117143,1.8107946234484562,1
0.029534312539117143,1.8107946234484562,-0.007363784839825477,-0.5050949586326523,0
-0.007363784839825477,-0.5050949586326523,-0.011896039611150856,-0.7895595341486766,0
-0.011896039611150856,-0.7895595341486766,-0.014060020075745612,-0.9253806243884696,0
-0.014060020075745612,-0.9253806243884696,-0.012466714316125825,-0.8253776304162358,0
-0.012466714316125825,-0.8253776304162358,-0.02724972176443425,-1.7532252803848476,0
-0.02724972176443425,-1.7532252803848476,0.0062943214299465994,0.3521488633529532,1
0.0062943214299465994,0.3521488633529532,-0.008401196525974578,-0.5702075548624242,0
-0.008401196525974578,-0.5702075548624242,0.006045478834880961,0.33653038938200464,1
0.006045478834880961,0.33653038938200464,0.03830314398310998,2.3611656948782156,1
0.03830314398310998,2.3611656948782156,-0.021413005798768495,-1.3868868873877624,0
-0.021413005798768495,-1.3868868873877624,0.008722480646214075,0.5045509933282852,1
0.008722480646214075,0.5045509933282852,-0.010269705612650958,-0.6874835402178979,0
-0.010269705612650958,-0.6874835402178979,-0.019544596072970283,-1.269617138365297,0
-0.019544596072970283,-1.269617138365297,0.012032556629584587,0.7123061631154253,1
0.012032556629584587,0.7123061631154253,-0.018103567511835894,-1.1791717422805381,0
-0.018103567511835894,-1.1791717422805381,0.02406598437355875,1.4675778960395078,1
0.02406598437355875,1.4675778960395078,0.023752881093720236,1.4479261341492795,1
0.023752881093720236,1.4479261341492795,-0.012955809937967508,-0.8560754586438519,0
-0.012955809937967508,-0.8560754586438519,0.010681642054724959,0.6275167237557583,1
0.010681642054724959,0.6275167237557583,-0.004818029588562006,-0.3453119756679545,0
-0.004818029588562006,-0.3453119756679545,-0.007655031843709516,-0.5233749229132038,0
-0.007655031843709516,-0.5233749229132038,0.016008403373174766,0.9618480828211903,1
0.016008403373174766,0.9618480828211903,-0.008607555369173528,-0.5831595585992753,0
-0.008607555369173528,-0.5831595585992753,0.017391707594059592,1.0486704411963472,1
0.017391707594059592,1.0486704411963472,0.0032431378032660666,0.16064293551401498,1
0.0032431378032660666,0.16064293551401498,0.009173212280484493,0.532840926150593,1
0.009173212280484493,0.532840926150593,0.024861149809912473,1.5174860344231824,1
0.024861149809912473,1.5174860344231824,-0.009432876283647758,-0.634960389630615,0
-0.009432876283647758,-0.634960389630615,0.01925448689611622,1.165586799648239,1
0.01925448689611622,1.165586799648239,-0.005258167466284254,-0.3729369969591052,0
-0.005258167466284254,-0.3729369969591052,0.007876919291507373,0.4514797817624234,1
0.007876919291507373,0.4514797817624234,0.0033230361957854956,0.16565771589579073,1
0.0033230361957854956,0.16565771589579073,0.003784296020782794,0.1946084450451323,1
0.003784296020782794,0.1946084450451323,-0.0035473970372966114,-0.26556139509173204,0
-0.0035473970372966114,-0.26556139509173204,0.011541799997426947,0.6815040824531389,1
0.011541799997426947,0.6815040824531389,-0.010357965631727561,-0.693023133671582,0
-0.010357965631727561,-0.693023133671582,-0.006171354186917352,-0.43025267887868085,0
-0.006171354186917352,-0.43025267887868085,0.005224453049717299,0.2849991398719527,1
0.005224453049717299,0.2849991398719527,-0.01647804308370869,-1.07714656060636,0
-0.01647804308370869,-1.07714656060636,0.005043913612106223,0.2736676774817839,1
0.005043913612106223,0.2736676774817839,-0.02695320557301632,-1.734614598333392,0
-0.02695320557301632,-1.734614598333392,0.005400047664327403,0.2960202430597057,1
0.005400047664327403,0.2960202430597057,0.006101300423386409,0.3400340018839534,1
0.006101300423386409,0.3400340018839534,-0.005611812934451454,-0.39513336787404596,0
-0.005611812934451454,-0.39513336787404596,0.022739306772738197,1.3843096775466464,1
0.022739306772738197,1.3843096775466464,-0.00551625174769212,-0.38913552048927685,0
-0.00551625174769212,-0.38913552048927685,0.012903335440138006,0.7669601349705841,1
0.012903335440138006,0.7669601349705841,0.002134476197672917,0.091058375744498,1
0.002134476197672917,0.091058375744498,0.0,-0.042910894774362045,0
0.0,-0.042910894774362045,-0.00023689898348627978,-0.05777973427649254,0
-0.00023689898348627978,-0.05777973427649254,-0.026655452512277297,-1.7159262848326586,0
-0.026655452512277297,-1.7159262848326586,-0.006837603540263184,-0.47206946744194267,0
-0.006837603540263184,-0.47206946744194267,-0.002699071874569287,-0.2123167145760731,0
-0.002699071874569287,-0.2123167145760731,0.010023304562587373,0.5861965189799713,1
0.010023304562587373,0.5861965189799713,0.014729243635416719,0.8815622978912043,1
0.014729243635416719,0.8815622978912043,-0.0040831564524975005,-0.2991880516486551,0
-0.0040831564524975005,-0.2991880516486551,-0.0038582119252090603,-0.2850695272720904,0
-0.0038582119252090603,-0.2850695272720904,0.01582007726104368,0.9500278939198752,1
0.01582007726104368,0.9500278939198752,-0.0028577998144397217,-0.22227918983749184,0
-0.0028577998144397217,-0.22227918983749184,0.012089712926477885,0.7158935478839706,1
0.012089712926477885,0.7158935478839706,-0.004250308917083705,-0.3096792877516659,0
-0.004250308917083705,-0.3096792877516659,0.005427821159064967,0.29776343177917114,1
0.005427821159064967,0.29776343177917114,0.02464089215045959,1.5036616788294004,1
0.02464089215045959,1.5036616788294004,-0.011779748654735283,-0.7822605937267032,0
-0.011779748654735283,-0.7822605937267032,0.0006967548553678496,0.0008205555017625471,1
0.0006967548553678496,0.0008205555017625471,0.007171838040582061,0.4072257296694686,1
0.007171838040582061,0.4072257296694686,-0.0057796945962552,-0.40567037165504966,0
-0.0057796945962552,-0.40567037165504966,-0.0034839548610258674,-0.2615794804260231,0
-0.0034839548610258674,-0.2615794804260231,0.004874074612361161,0.2630078224193076,1
0.004874074612361161,0.2630078224193076,-0.0069702708779422196,-0.4803962627793265,0
-0.0069702708779422196,-0.4803962627793265,-0.0042056208806890705,-0.30687446676409225,0
-0.0042056208806890705,-0.30687446676409225,-0.002109461808364503,-0.1753101503678851,0
-0.002109461808364503,-0.1753101503678851,-0.0030548079797585574,-0.23464430321884416,0
-0.0030548079797585574,-0.23464430321884416,-0.012075490141191261,-0.8008226518306382,0
-0.012075490141191261,-0.8008226518306382,0.004752878797551829,0.25540103115236973,1
0.004752878797551829,0.25540103115236973,-0.005229420576664975,-0.3711327136243087,0
-0.005229420576664975,-0.3711327136243087,-0.014160807054320214,-0.9317064658347973,0
-0.014160807054320214,-0.9317064658347973,0.011057874573099903,0.6511307589401828,1
0.011057874573099903,0.6511307589401828,0.002626163501764998,0.12191886953890807,1
0.002626163501764998,0.12191886953890807,-0.0083802353059103,-0.5688919349626764,0
-0.0083802353059103,-0.5688919349626764,0.0,-0.042910894774362045,0
0.0,-0.042910894774362045,0.005036563854890119,0.2732063738543151,1
0.005036563854890119,0.2732063738543151,0.016607754651800716,0.9994660490789564,1
0.016607754651800716,0.9994660490789564,0.0028195256787380265,0.1340551443885679,1
0.0028195256787380265,0.1340551443885679,-0.016799143312975818,-1.097300246801247,0
-0.016799143312975818,-1.097300246801247,-0.0023888800816660367,-0.19284769062467377,0
-0.0023888800816660367,-0.19284769062467377,0.005723790060864131,0.3163397634869366,1
0.005723790060864131,0.3163397634869366,-0.00023780048905166807,-0.05783631679687644,0
-0.00023780048905166807,-0.05783631679687644,0.013936688046321791,0.8318179651914759,1
0.013936688046321791,0.8318179651914759,-0.006117716403367679,-0.426886131740684,0
-0.006117716403367679,-0.426886131740684,0.005648442406725674,0.31161060779466815,1
0.005648442406725674,0.31161060779466815,-0.006829201497063593,-0.47154211764083254,0
-0.006829201497063593,-0.47154211764083254,0.004244295591475183,0.22348007499904554,1
0.004244295591475183,0.22348007499904554,-0.010406873005056808,-0.6960927791120212,0
-0.010406873005056808,-0.6960927791120212,0.012991778910645135,0.7725112426563546,1
0.012991778910645135,0.7725112426563546,-0.02038953053909507,-1.322649003600613,0
-0.02038953053909507,-1.322649003600613,-0.013503976189274349,-0.8904808237121997,0
-0.013503976189274349,-0.8904808237121997,-0.006576578771347337,-0.4556863857673216,0
-0.006576578771347337,-0.4556863857673216,0.004632519420334823,0.24784673844887364,1
0.004632519420334823,0.24784673844887364,-0.00024333138039690444,-0.058183460269194485,0
-0.00024333138039690444,-0.058183460269194485,-0.013718920769017972,-0.9039717066658867,0
-0.013718920769017972,-0.9039717066658867,-0.005689552409842361,-0.4000126449631947,0
-0.005689552409842361,-0.4000126449631947,-0.008970919887678825,-0.6059659405723626,0
-0.008970919887678825,-0.6059659405723626,0.004246245161081079,0.22360243870505095,1
0.004246245161081079,0.22360243870505095,0.009920754206987806,0.5797600001065811,1
0.009920754206987806,0.5797600001065811,0.000246719843998534,-0.027425654152308736,1
0.000246719843998534,-0.027425654152308736,-0.017170973975294226,-1.1206380018165762,0
-0.017170973975294226,-1.1206380018165762,-0.008064552083658996,-0.5490782443503573,0
-0.008064552083658996,-0.5490782443503573,0.006808762985061813,0.3844375156876625,1
0.006808762985061813,0.3844375156876625,-0.004786567719679397,-0.3433372880945075,0
-0.004786567719679397,-0.3433372880945075,0.007547282410257741,0.4307902971173046,1
0.007547282410257741,0.4307902971173046,-0.010328844336248352,-0.6911953509508529,0
-0.010328844336248352,-0.6911953509508529,0.008070653706209468,0.4636394199164279,1
0.008070653706209468,0.4636394199164279,-0.005289091780218964,-0.37487794518033446,0
-0.005289091780218964,-0.37487794518033446,0.014789094563002505,0.8853188097311052,1
0.014789094563002505,0.8853188097311052,-0.003489519826447125,-0.2619287625397151,0
-0.003489519826447125,-0.2619287625397151,-0.0007493138707339001,-0.0899411838735459,0
-0.0007493138707339001,-0.0899411838735459,-0.03250663928865784,-2.0831729306167226,0
-0.03250663928865784,-2.0831729306167226,-0.0041386463664789255,-0.3026708467743869,0
-0.0041386463664789255,-0.3026708467743869,0.01747209115689815,1.0537156730368002,1
0.01747209115689815,1.0537156730368002,0.008117840340816855,0.4666010641003656,1
0.008117840340816855,0.4666010641003656,-0.005573898745586006,-0.3927537038467985,0
-0.005573898745586006,-0.3927537038467985,0.010865559756865751,0.6390602211337892,1
0.010865559756865751,0.6390602211337892,-0.026484891648461694,-1.7052211223532856,0
-0.026484891648461694,-1.7052211223532856,0.004377454471821064,0.23183772175214346,1
0.004377454471821064,0.23183772175214346,0.012257644760601294,0.7264337007041028,1
0.012257644760601294,0.7264337007041028,0.014113075837479443,0.8428888516860578,1
0.014113075837479443,0.8428888516860578,0.01317614062867132,0.7840826084567788,1
0.01317614062867132,0.7840826084567788,-0.00893086060272636,-0.603451640722854,0
-0.00893086060272636,-0.603451640722854,0.005219325413408613,0.28467730648889145,1
0.005219325413408613,0.28467730648889145,-0.009714844998969815,-0.6526580070329641,0
-0.009714844998969815,-0.6526580070329641,0.002749673208884301,0.12967089103383533,1
0.002749673208884301,0.12967089103383533,-0.012307116833494645,-0.8153605787629749,0
-0.012307116833494645,-0.8153605787629749,0.019024406602047055,1.1511459315838324,1
0.019024406602047055,1.1511459315838324,-0.0019856504225057247,-0.1675391941663059,0
-0.0019856504225057247,-0.1675391941663059,-0.023631029495901523,-1.52609997255705,0
-0.023631029495901523,-1.52609997255705,0.00760265267418136,0.4342655824703909,1
0.00760265267418136,0.4342655824703909,0.02098503532294493,1.2742037570978295,1
0.02098503532294493,1.2742037570978295,-0.0012368396294137301,-0.12054048046944975,0
-0.0012368396294137301,-0.12054048046944975,0.014010298617443856,0.8364380937862342,1
0.014010298617443856,0.8364380937862342,-0.000488292423749137,-0.07355831069817374,0
-0.000488292423749137,-0.07355831069817374,0.001220237774229567,0.03367668425384085,1
0.001220237774229567,0.03367668425384085,-0.009311536847373209,-0.6273445840383138,0
-0.009311536847373209,-0.6273445840383138,0.00245887236330674,0.11141892964360417,1
0.00245887236330674,0.11141892964360417,-0.014844465749518808,-0.9746159425389579,0
-0.014844465749518808,-0.9746159425389579,-0.003245471639833506,-0.24661120708150835,0
-0.003245471639833506,-0.24661120708150835,0.011931524220045665,0.7059649173243273,1
0.011931524220045665,0.7059649173243273,-0.026287733776252223,-1.6928466126980597,0
-0.026287733776252223,-1.6928466126980597,-0.013536122801332671,-0.8924984888291974,0
-0.013536122801332671,-0.8924984888291974,-0.008521627116612002,-0.577766317238618,0
-0.008521627116612002,-0.577766317238618,0.0023313091560948243,0.10341249235755798,1
0.0023313091560948243,0.10341249235755798,0.0043887553667285775,0.23254701644871606,1
0.0043887553667285775,0.23254701644871606,0.005138777046917851,0.2796217308343033,1
0.005138777046917851,0.2796217308343033,-0.016016847596368726,-1.0481998695760797,0
-0.016016847596368726,-1.0481998695760797,-0.023449979983497283,-1.5147364955920528,0
-0.023449979983497283,-1.5147364955920528,-0.03472002707456158,-2.222095045267691,0
-0.03472002707456158,-2.222095045267691,-0.043724331559947406,-2.7872454576976775,0
-0.043724331559947406,-2.7872454576976775,-0.009270045832616456,-0.6247404224242796,0
-0.009270045832616456,-0.6247404224242796,0.03601413299563699,2.2174971299461066,1
0.03601413299563699,2.2174971299461066,0.02823327527273821,1.7291357069964177,1
0.02823327527273821,1.7291357069964177,-0.003554373453114677,-0.2659992661436564,0
-0.003554373453114677,-0.2659992661436564,-0.005492926447214969,-0.3876715203317843,0
-0.005492926447214969,-0.3876715203317843,-0.0439136512367319,-2.7991280071593847,0
-0.0439136512367319,-2.7991280071593847,0.02219780366516449,1.3503225211733703,1
0.02219780366516449,1.3503225211733703,0.0061728934640510845,0.34452750124577824,1
0.0061728934640510845,0.34452750124577824,-0.019489350477190935,-1.266149677742401,0
-0.019489350477190935,-1.266149677742401,0.03227437983089776,1.982773498946176,1
0.03227437983089776,1.982773498946176,-0.018676450006741653,-1.2151284093163306,0
-0.018676450006741653,-1.2151284093163306,0.008963636710405582,0.5196870262510972,1
0.008963636710405582,0.5196870262510972,0.0027846989464283866,0.13186926294038645,1
0.0027846989464283866,0.13186926294038645,-0.011467049355591388,-0.7626341874712769,0
-0.011467049355591388,-0.7626341874712769,0.016736856026200102,1.0075690286156336,1
0.016736856026200102,1.0075690286156336,0.010183077446945438,0.5962245796299238,1
0.010183077446945438,0.5962245796299238,-0.0032912516989255934,-0.24948456829657548,0
-0.0032912516989255934,-0.24948456829657548,-0.018298259867906654,-1.191391505118294,0
-0.018298259867906654,-1.191391505118294,-0.001400057670783083,-0.13078477457851906,0
-0.001400057670783083,-0.13078477457851906,-0.01809490731032984,-1.1786281893097543,0
-0.01809490731032984,-1.1786281893097543,-0.0028571012041507075,-0.22223534193190347,0
-0.0028571012041507075,-0.22223534193190347,-0.01151096237777932,-0.7653903651017464,0
-0.01151096237777932,-0.7653903651017464,-0.0028985085255442845,-0.2248342505762282,0
-0.0028985085255442845,-0.2248342505762282,-0.03185175885091626,-2.042069706033117,0
-0.03185175885091626,-2.042069706033117,0.011026866109876198,0.649184529133301,1
0.011026866109876198,0.649184529133301,0.017335533941557166,1.0451447315836868,1
0.017335533941557166,1.0451447315836868,-0.01733553394155716,-1.1309665211324105,0
-0.01733553394155716,-1.1309665211324105,0.027190580018213308,1.663691490389799,1
0.027190580018213308,1.663691490389799,0.019140764326137087,1.1584490626436077,1
0.019140764326137087,1.1584490626436077,-0.01252859827942177,-0.829261744668066,0
-0.01252859827942177,-0.829261744668066,0.018171975557142523,1.0976435475431978,1
0.018171975557142523,1.0976435475431978,0.013137782562670916,0.781675084715736,1
0.013137782562670916,0.781675084715736,0.006090861222398696,0.33937879095086904,1
0.006090861222398696,0.33937879095086904,-0.006646323544080811,-0.46006387956921735,0
-0.006646323544080811,-0.46006387956921735,-0.010053159132251825,-0.6738921148161404,0
-0.010053159132251825,-0.6738921148161404,-0.016412417882294087,-1.0730276295211818,0
-0.016412417882294087,-1.0730276295211818,0.015008141987295304,0.8990672055546497,1
0.015008141987295304,0.8990672055546497,0.0056053102629401415,0.30890344158444655,1
0.0056053102629401415,0.30890344158444655,0.012498448308391238,0.7415476081212686,1
0.012498448308391238,0.7415476081212686,0.0024810530586242456,0.1128110892631525,1
0.0024810530586242456,0.1128110892631525,-0.01163120733285262,-0.7729374761598626,0
-0.01163120733285262,-0.7729374761598626,0.0052784848848567816,0.28839041944973554,1
0.0052784848848567816,0.28839041944973554,0.027870668636917794,1.7063768931295211,1
0.027870668636917794,1.7063768931295211,-0.00757371134623359,-0.5182708848653875,0
-0.00757371134623359,-0.5182708848653875,0.005955550976573823,0.3308861148804359,1
0.005955550976573823,0.3308861148804359,0.01260580518861056,0.7482858059722652,1
0.01260580518861056,0.7482858059722652,0.004785978352537385,0.2574785072285838,1
0.004785978352537385,0.2574785072285838,0.0015901821352916818,0.056896046567691275,1
0.0015901821352916818,0.056896046567691275,0.021742882677228428,1.321769645782228,1
0.021742882677228428,1.321769645782228,-0.008326868104571688,-0.5655423707741595,0
-0.008326868104571688,-0.5655423707741595,0.001827430198325781,0.07178679586315909,1
0.001827430198325781,0.07178679586315909,-0.0010438653308499904,-0.10842855060316292,0
-0.0010438653308499904,-0.10842855060316292,-0.00418629209716213,-0.30566130588090024,0
-0.00418629209716213,-0.30566130588090024,-0.005784955069835095,-0.40600054249923645,0
-0.005784955069835095,-0.40600054249923645,0.0015810642318711261,0.056323766178130126,1
0.0015810642318711261,0.056323766178130126,-0.008461174154100496,-0.5739720189947679,0
-0.008461174154100496,-0.5739720189947679,-0.004524243658410044,-0.3268726570219687,0
-0.004524243658410044,-0.3268726570219687,-0.019391967756313404,-1.2600375027313477,0
-0.019391967756313404,-1.2600375027313477,0.015115034214418845,0.9057762396996496,1
0.015115034214418845,0.9057762396996496,0.027739176432570595,1.6981238544146755,1
0.027739176432570595,1.6981238544146755,0.024705298430059513,1.5077041049310558,1
0.024705298430059513,1.5077041049310558,-0.021583575545870263,-1.3975926074218972,0
-0.021583575545870263,-1.3975926074218972,0.020057211115562783,1.2159693610580695,1
0.020057211115562783,1.2159693610580695,0.018913690100473578,1.144196868874035,1
0.018913690100473578,1.144196868874035,0.015861532387112597,0.9526298029993837,1
0.015861532387112597,0.9526298029993837,0.01633988304778191,0.9826532294175138,1
0.01633988304778191,0.9826532294175138,0.015124548485964916,0.906373397925136,1
0.015124548485964916,0.906373397925136,-0.003580419727511261,-0.2676340467912216,0
-0.003580419727511261,-0.2676340467912216,-0.018340241666378553,-1.19402647051284,0
-0.018340241666378553,-1.19402647051284,-0.015709778361980262,-1.0289268313596511,0
-0.015709778361980262,-1.0289268313596511,-0.006702188277538244,-0.46357020004127614,0
-0.006702188277538244,-0.46357020004127614,0.023385605978954685,1.4248743056685895,1
0.023385605978954685,1.4248743056685895,-0.009779973182190326,-0.6567457430338541,0
-0.009779973182190326,-0.6567457430338541,0.01148168011236221,0.6777306896392103,1
0.01148168011236221,0.6777306896392103,-0.004625659666015357,-0.33323797914297976,0
-0.004625659666015357,-0.33323797914297976,0.006566981140352841,0.36926220598138443,1
0.006566981140352841,0.36926220598138443,-0.026032938489549004,-1.6768545211823571,0
-0.026032938489549004,-1.6768545211823571,0.0014918295734313491,0.05072299999989398,1
0.0014918295734313491,0.05072299999989398,0.013817179203987034,0.8243170558603735,1
0.013817179203987034,0.8243170558603735,0.015078080386808936,0.9034568522390741,1
0.015078080386808936,0.9034568522390741,-0.01581352824292719,-1.035438637807543,0
-0.01581352824292719,-1.035438637807543,-0.016815438951761547,-1.0983230339577132,0
-0.016815438951761547,-1.0983230339577132,0.01804085391662029,1.0894137670709905,1
0.01804085391662029,1.0894137670709905,0.009506454899353443,0.5537567230118279,1
0.009506454899353443,0.5537567230118279,0.01325478439158008,0.7890186426740876,1
0.01325478439158008,0.7890186426740876,0.008819004423909142,0.5106092572244256,1
0.008819004423909142,0.5106092572244256,-0.008579666981126681,-0.5814091586619716,0
-0.008579666981126681,-0.5814091586619716,0.013786808230866978,0.8224108377829464,1
0.013786808230866978,0.8224108377829464,-0.004495510804204507,-0.3250692546124983,0
-0.004495510804204507,-0.3250692546124983,-0.00857344612321095,-0.58101870980249,0
-0.00857344612321095,-0.58101870980249,-0.027153249950955808,-1.7471702779953018,0
-0.027153249950955808,-1.7471702779953018,-0.0034465665168727493,-0.2592328207642464,0
-0.0034465665168727493,-0.2592328207642464,0.0044291486747020156,0.2350822810766116,1
0.0044291486747020156,0.2350822810766116,-0.04340326429169436,-2.7670938402834198,0
-0.04340326429169436,-2.7670938402834198,-0.010568466626040465,-0.706235117334056,0
-0.010568466626040465,-0.706235117334056,-0.01698725119312811,-1.1091067384877442,0
-0.01698725119312811,-1.1091067384877442,0.006567736967506047,0.36930964507321584,1
0.006567736967506047,0.36930964507321584,-0.03544669647766434,-2.2677040663231556,0
-0.03544669647766434,-2.2677040663231556,0.020143019910363567,1.221355104715505,1
0.020143019910363567,1.221355104715505,-0.013383497191085652,-0.8829190230616328,0
-0.013383497191085652,-0.8829190230616328,0.002422290268628204,0.10912287380401295,1
0.002422290268628204,0.10912287380401295,0.0016115383377975406,0.058236457331644606,1
0.0016115383377975406,0.058236457331644606,-0.0008054445369571625,-0.09346419547511187,0
-0.0008054445369571625,-0.09346419547511187,0.019944817742317614,1.2089150503839916,1
0.019944817742317614,1.2089150503839916,-0.009789704620700588,-0.6573565316290796,0
-0.009789704620700588,-0.6573565316290796,-0.002662469364070152,-0.21001937734829132,0
-0.002662469364070152,-0.21001937734829132,-0.012339188196675234,-0.817373520923929,0
-0.012339188196675234,-0.817373520923929,-0.025698478958008128,-1.655862345440383,0
-0.025698478958008128,-1.655862345440383,0.04176314258196431,2.578330678395087,1
0.04176314258196431,2.578330678395087,0.0010617760686670013,0.023730919048055958,1
0.0010617760686670013,0.023730919048055958,-0.016586761912339293,-1.083970240429628,0
-0.016586761912339293,-1.083970240429628,0.0032318620804046645,0.15993522072761363,1
0.0032318620804046645,0.15993522072761363,0.006165400902801764,0.34405723459863374,1
0.006165400902801764,0.34405723459863374,-0.03757581377020173,-2.4013369879932585,0
-0.03757581377020173,-2.4013369879932585,-0.035012093286345365,-2.240426426699135,0
-0.035012093286345365,-2.240426426699135,0.01624660816216923,0.9767988805159497,1
0.01624660816216923,0.9767988805159497,0.013479551463707641,0.8031260291712613,1
0.013479551463707641,0.8031260291712613,-0.014611011284513609,-0.9599632964189331,0
-0.014611011284513609,-0.9599632964189331,0.024878972959483152,1.518604694986807,1
0.024878972959483152,1.518604694986807,0.023466303921120195,1.4299392693613555,1
0.023466303921120195,1.4299392693613555,0.021081423630069818,1.2802535182552262,1
0.021081423630069818,1.2802535182552262,-0.01811934269829111,-1.1801618635215285,0
-0.01811934269829111,-1.1801618635215285,0.006699743918982867,0.3775949916196186,1
0.006699743918982867,0.3775949916196186,0.015635674912133284,0.9384539779434761,1
0.015635674912133284,0.9384539779434761,-0.02287335479421008,-1.4785449203213485,0
-0.02287335479421008,-1.4785449203213485,0.008305510109144073,0.4783800579296955,1
0.008305510109144073,0.4783800579296955,0.00399418783334204,0.2077821937367785,1
0.00399418783334204,0.2077821937367785,-0.0010635713546634199,-0.10966538877357243,0
-0.0010635713546634199,-0.10966538877357243,-0.006405190910047759,-0.4449293172279185,0
-0.006405190910047759,-0.4449293172279185,0.03266030877829881,2.006996125374055,1
0.03266030877829881,2.006996125374055,0.011593605492293307,0.6847556269602556,1
0.011593605492293307,0.6847556269602556,0.004089981263258659,0.21379461774057879,1
0.004089981263258659,0.21379461774057879,0.003565050580450905,0.18084762084954184,1
0.003565050580450905,0.18084762084954184,0.002285138789612062,0.10051463370538483,1
0.002285138789612062,0.10051463370538483,-0.03457517113272516,-2.213003238631803,0
-0.03457517113272516,-2.213003238631803,0.0010496173854399981,0.022967785720934584,1
0.0010496173854399981,0.022967785720934584,-0.003941708550551749,-0.2903101488354238,0
-0.003941708550551749,-0.2903101488354238,0.03238205522136277,1.9895316879244171,1
0.03238205522136277,1.9895316879244171,-0.005367401626267632,-0.379793021282388,0
-0.005367401626267632,-0.379793021282388,-0.018885557526924997,-1.2282529323114861,0
-0.018885557526924997,-1.2282529323114861,0.017859892936308405,1.0780558467759824,1
0.017859892936308405,1.0780558467759824,0.007921374536296098,0.45426999170787785,1
0.007921374536296098,0.45426999170787785,0.022648117418982434,1.3785862259499198,1
0.022648117418982434,1.3785862259499198,-0.013527187726579636,-0.8919376835843318,0
-0.013527187726579636,-0.8919376835843318,0.005783985312306522,0.32011788663172897,1
0.005783985312306522,0.32011788663172897,-0.01033405127474677,-0.6915221616939431,0
-0.01033405127474677,-0.6915221616939431,-0.0010139649729001498,-0.10655187043818373,0
-0.0010139649729001498,-0.10655187043818373,0.00227992883353509,0.10018763356557152,1
0.00227992883353509,0.10018763356557152,0.016064587121218638,0.965374426075174,1
0.016064587121218638,0.965374426075174,-0.0009965351132518578,-0.10545789450869172,0
-0.0009965351132518578,-0.10545789450869172,-0.006752569525061746,-0.4667323524166047,0
-0.006752569525061746,-0.4667323524166047,0.011477244251659408,0.6774522751864628,1
0.011477244251659408,0.6774522751864628,-0.0074702302793596565,-0.5117759503907242,0
-0.0074702302793596565,-0.5117759503907242,-0.01892323482223948,-1.2306177278402006,0
-0.01892323482223948,-1.2306177278402006,0.024655421407163296,1.5045735999479861,1
0.024655421407163296,1.5045735999479861,-0.01932064690076337,-1.255561086924399,0
-0.01932064690076337,-1.255561086924399,0.0017719202948095196,0.06830274610483733,1
0.0017719202948095196,0.06830274610483733,-0.003293253561824605,-0.24961021416348733,0
-0.003293253561824605,-0.24961021416348733,0.0085902537652351,0.49625184302290815,1
0.0085902537652351,0.49625184302290815,0.023372487163170547,1.4240509101289305,1
0.023372487163170547,1.4240509101289305,0.0022094069489296824,0.09576136474772197,1
0.0022094069489296824,0.09576136474772197,0.0031827929990227363,0.15685542576670733,1
0.0031827929990227363,0.15685542576670733,0.009730106440757814,0.5677940938126962,1
0.009730106440757814,0.5677940938126962,0.00217628303602475,0.09368235985957092,1
0.00217628303602475,0.09368235985957092,0.0028943321945232407,0.13875033581807591,1
0.0028943321945232407,0.13875033581807591,0.009826318578122023,0.5738327977681659,1
0.009826318578122023,0.5738327977681659,-0.0031052471823212312,-0.23781009311157827,0
-0.0031052471823212312,-0.23781009311157827,-0.004075234414342587,-0.298690829110501,0
-0.004075234414342587,-0.298690829110501,-0.007474449998457558,-0.5120407988298666,0
-0.007474449998457558,-0.5120407988298666,0.006272689601004856,0.3507911530414146,1
0.006272689601004856,0.3507911530414146,-0.009666617456355206,-0.6496310308080521,0
-0.009666617456355206,-0.6496310308080521,-0.006333812674177301,-0.44044929997548266,0
-0.006333812674177301,-0.44044929997548266,0.019121989922782485,1.1572706971389537,1
0.019121989922782485,1.1572706971389537,-0.011332186410295998,-0.7541695859821873,0
-0.011332186410295998,-0.7541695859821873,-0.01761300917101872,-1.1483821072694431,0
-0.01761300917101872,-1.1483821072694431,0.010800267701799914,0.6349621998031303,1
0.010800267701799914,0.6349621998031303,0.011409305075858064,0.6731881087217902,1
0.011409305075858064,0.6731881087217902,-0.002416590628445315,-0.19458692844880413,0
-0.002416590628445315,-0.19458692844880413,0.016080945456445176,0.966401148340614,1
0.016080945456445176,0.966401148340614,0.010892816429627996,0.6407709717951039,1
0.010892816429627996,0.6407709717951039,0.00633880423000317,0.3549408027902316,1
0.00633880423000317,0.3549408027902316,-0.00257763733389038,-0.2046949398060932,0
-0.00257763733389038,-0.2046949398060932,0.007480158859899233,0.4265773229525099,1
0.007480158859899233,0.4265773229525099,0.03366090539911218,2.0697980434840573,1
0.03366090539911218,2.0697980434840573,-0.002028630314827387,-0.17023680439385952,0
-0.002028630314827387,-0.17023680439385952,0.005400590884653493,0.29605433799639164,1
0.005400590884653493,0.29605433799639164,0.0073784127592897535,0.4201912827185399,1
0.0073784127592897535,0.4201912827185399,-0.007154059085883967,-0.4919316325223897,0
-0.007154059085883967,-0.4919316325223897,0.010267927093464047,0.6015501228523191,1
0.010267927093464047,0.6015501228523191,0.008623589158753494,0.49834412137999984,1
0.008623589158753494,0.49834412137999984,0.0019795487837055295,0.08133443848288191,1
0.0019795487837055295,0.08133443848288191,0.006788625217755801,0.3831735793651088,1
0.006788625217755801,0.3831735793651088,0.0015265447413934665,0.05290187917076269,1
0.0015265447413934665,0.05290187917076269,0.001306650298958874,0.0391003207011807,1
0.001306650298958874,0.0391003207011807,-0.001088715095335573,-0.1112435223688949,0
-0.001088715095335573,-0.1112435223688949,-0.003929284683895092,-0.2895303714104844,0
-0.003929284683895092,-0.2895303714104844,0.0030574251126231577,0.14898677663126422,1
0.0030574251126231577,0.14898677663126422,-0.002401499017245961,-0.19363971144749204,0
-0.002401499017245961,-0.19363971144749204,0.00870520229079529,0.5034665264816913,1
0.00870520229079529,0.5034665264816913,-0.0013009839692579219,-0.12456646606076673,0
-0.0013009839692579219,-0.12456646606076673,-0.015965337167848724,-1.0449668447522555,0
-0.015965337167848724,-1.0449668447522555,-0.009747583767548139,-0.6547128385409966,0
-0.009747583767548139,-0.6547128385409966,-0.00022260540566124143,-0.05688260541817469,0
-0.00022260540566124143,-0.05688260541817469,0.0006677524968505453,-0.0009997622034082782,1
0.0006677524968505453,-0.0009997622034082782,0.009522833934688463,0.554784744508637,1
0.009522833934688463,0.554784744508637,-0.0002203972583295346,-0.05674401221786192,0
-0.0002203972583295346,-0.05674401221786192,0.01704956664213628,1.0271961451635467,1
0.01704956664213628,1.0271961451635467,0.0004333793768586849,-0.015710067218180003,1
0.0004333793768586849,-0.015710067218180003,-0.0028202875847930667,-0.21992475456818442,0
-0.0028202875847930667,-0.21992475456818442,0.014022482646547452,0.8372028179339052,1
0.014022482646547452,0.8372028179339052,-0.05640264377998778,-3.5829930239534775,0
-0.05640264377998778,-3.5829930239534775,-0.04307219770569496,-2.7463146209752525,0
-0.04307219770569496,-2.7463146209752525,0.019914030446761655,1.2069827020488932,1
0.019914030446761655,1.2069827020488932,0.014965116840489323,0.8963667549533039,1
0.014965116840489323,0.8963667549533039,0.013618056483681673,0.8118192235527919,1
0.013618056483681673,0.8118192235527919,0.0053956485722674846,0.2957441363713973,1
0.0053956485722674846,0.2957441363713973,-0.01924221200986269,-1.2506381624482925,0
-0.01924221200986269,-1.2506381624482925,0.016323219169017737,0.9816073298734079,1
0.016323219169017737,0.9816073298734079,-0.001125054727762954,-0.1135243601934288,0
-0.001125054727762954,-0.1135243601934288,0.023582881572292585,1.437256204028228,1
0.023582881572292585,1.437256204028228,-0.0017605201602016367,-0.15340901222964134,0
-0.0017605201602016367,-0.15340901222964134,0.024585100964833146,1.500159974548085,1
0.024585100964833146,1.500159974548085,-0.0025822896565415466,-0.204986940378634,0
-0.0025822896565415466,-0.204986940378634,0.008368236656214886,0.48231705650686657,1
0.008368236656214886,0.48231705650686657,-0.002781665893836127,-0.21750068454606514,0
-0.002781665893836127,-0.21750068454606514,0.002781665893836195,0.13167889499734534,1
0.002781665893836195,0.13167889499734534,0.003838782865491907,0.19802828305808956,1
0.003838782865491907,0.19802828305808956,0.0006383398446079375,-0.002845831777415722,1
0.0006383398446079375,-0.002845831777415722,-0.007258788603935913,-0.4985049253754594,0
-0.007258788603935913,-0.4985049253754594,-0.0019302169615553588,-0.1640599422852342,0
-0.0019302169615553588,-0.1640599422852342,-0.009491064248729222,-0.6386125265077746,0
-0.009491064248729222,-0.6386125265077746,0.017402982386958272,1.0493780976141298,1
0.017402982386958272,1.0493780976141298,0.006581014338857455,0.3701429922692611,1
0.006581014338857455,0.3701429922692611,0.005275943626953027,0.28823091874041046,1
0.005275943626953027,0.28823091874041046,0.012549888527822496,0.7447762263087419,1
0.012549888527822496,0.7447762263087419,-0.005001087306360265,-0.356801496583211,0
-0.005001087306360265,-0.356801496583211,-0.014518900643727788,-0.9541820207286468,0
-0.014518900643727788,-0.9541820207286468,-0.0019094129520492431,-0.16275418962308677,0
-0.0019094129520492431,-0.16275418962308677,-0.005536605200323451,-0.39041299418728875,0
-0.005536605200323451,-0.39041299418728875,0.013995135609128129,0.8354863955826449,1
0.013995135609128129,0.8354863955826449,-0.005489923688810589,-0.38748305378743136,0
-0.005489923688810589,-0.38748305378743136,0.00464726691894182,0.24877235740518305,1
0.00464726691894182,0.24877235740518305,0.0012636387353788863,0.0364007226438359,1
0.0012636387353788863,0.0364007226438359,0.012965525637190483,0.7708634698223047,1
0.012965525637190483,0.7708634698223047,0.00020771416893331562,-0.029873824734056188,1
0.00020771416893331562,-0.029873824734056188,0.006212470658291911,0.3470115429265463,1
0.006212470658291911,0.3470115429265463,-0.003308519389035254,-0.2505683657406786,0
-0.003308519389035254,-0.2505683657406786,0.0031020917710122995,0.151790255839621,1
0.0031020917710122995,0.151790255839621,-0.03594709806848191,-2.2991115077185644,0
-0.03594709806848191,-2.2991115077185644,0.019080453980710465,1.15466371568572,1
0.019080453980710465,1.15466371568572,-0.0008402752702292062,-0.09565032804158415,0
-0.0008402752702292062,-0.09565032804158415,0.005031412289902272,0.27288303860035223,1
0.005031412289902272,0.27288303860035223,-0.023699774636533517,-1.530414724978382,0
-0.023699774636533517,-1.530414724978382,0.011920055231286086,0.7052450723059641,1
0.011920055231286086,0.7052450723059641,0.001268796417822731,0.036724441856691555,1
0.001268796417822731,0.036724441856691555,0.0063197859677514906,0.35374713161077703,1
0.0063197859677514906,0.35374713161077703,-0.010130934068396226,-0.6787736175807418,0
-0.010130934068396226,-0.6787736175807418,-0.0033999150733811704,-0.25630476756785453,0
-0.0033999150733811704,-0.25630476756785453,0.00021287934741541135,-0.029549635036321215,1
0.00021287934741541135,-0.029549635036321215,0.0002127528756755065,-0.029557572968238553,1
0.0002127528756755065,-0.029557572968238553,-0.0010643798057451922,-0.1097161307784696,0
-0.0010643798057451922,-0.1097161307784696,0.003402083763517503,0.17061909470942788,1
0.003402083763517503,0.17061909470942788,-0.0019122528203975597,-0.16293243245915512,0
-0.0019122528203975597,-0.16293243245915512,-0.04658076783363353,-2.966528170846012,0
-0.04658076783363353,-2.966528170846012,0.019199506707730612,1.1621359971801488,1
0.019199506707730612,1.1621359971801488,-0.018753962989382242,-1.2199934707077025,0
-0.018753962989382242,-1.2199934707077025,-0.000891286034389027,-0.09885199169590426,0
-0.000891286034389027,-0.09885199169590426,0.012846201493062842,0.7633741529765625,1
0.012846201493062842,0.7633741529765625,-0.014407823531172618,-0.9472103244611592,0
-0.014407823531172618,-0.9472103244611592,0.0035658572310489456,0.18089824984802913,1
0.0035658572310489456,0.18089824984802913,0.016766294423916268,1.009416714090683,1
0.016766294423916268,1.009416714090683,0.007193531424543953,0.40858730344931615,1
0.007193531424543953,0.40858730344931615,0.013590916988481493,0.8101158274792344,1
0.013590916988481493,0.8101158274792344,-0.0012863972481273092,-0.12365093821779488,0
-0.0012863972481273092,-0.12365093821779488,-0.0008585730382818547,-0.0967987777834033,0
-0.0008585730382818547,-0.0967987777834033,0.002787630570654246,0.1320532647856176,1
0.002787630570654246,0.1320532647856176,0.010225899435973539,0.5989122791407058,1
0.010225899435973539,0.5989122791407058,-0.016455130482597495,-1.0757084633064682,0
-0.016455130482597495,-1.0757084633064682,0.01454571753054824,0.8700433789090187,1
0.01454571753054824,0.8700433789090187,0.0010612170645398194,0.023695833449435915,1
0.0010612170645398194,0.023695833449435915,-0.006597822264863267,-0.4570197224110865,0
-0.006597822264863267,-0.4570197224110865,0.006809979146205291,0.384513847399116,1
0.006809979146205291,0.384513847399116,0.0031762379263979876,0.15644400009764006,1
0.0031762379263979876,0.15644400009764006,0.0016899419061388705,0.06315741586386672,1
0.0016899419061388705,0.06315741586386672,0.00652148223969959,0.36640649152714433,1
0.00652148223969959,0.36640649152714433,-0.042842277995456486,-2.731883831870114,0
-0.042842277995456486,-2.731883831870114,-0.004826630835211081,-0.3458518283682965,0
-0.004826630835211081,-0.3458518283682965,-0.006841058780626959,-0.4722863337773494,0
-0.006841058780626959,-0.4722863337773494,-0.0017730061131635492,-0.15419268646871878,0
-0.0017730061131635492,-0.15419268646871878,0.0015515838692920238,0.05447344680063616,1
0.0015515838692920238,0.05447344680063616,0.006402430532060371,0.3589342740136207,1
0.006402430532060371,0.3589342740136207,0.012683350363457205,0.7531528878904372,1
0.012683350363457205,0.7531528878904372,0.0006516515794045578,-0.002010327777892078,1
0.0006516515794045578,-0.002010327777892078,-0.010478147554749713,-0.7005662885563191,0
-0.010478147554749713,-0.7005662885563191,0.006125566843737543,0.3415570709329734,1
0.006125566843737543,0.3415570709329734,-0.05238440726665887,-3.330790532752209,0
-0.05238440726665887,-3.330790532752209,-0.0032228249367120855,-0.24518979872842311,0
-0.0032228249367120855,-0.24518979872842311,0.00023059680172434453,-0.0284376083799421,1
0.00023059680172434453,-0.0284376083799421,-0.0036951506983444442,-0.27483507554253755,0
-0.0036951506983444442,-0.27483507554253755,0.008065453802406317,0.46331305070226847,1
0.008065453802406317,0.46331305070226847,-0.001837767921224583,-0.15825742712634622,0
-0.001837767921224583,-0.15825742712634622,-0.005302683478460108,-0.37573102093749855,0
-0.005302683478460108,-0.37573102093749855,0.00920396590148306,0.534771160919893,1
0.00920396590148306,0.534771160919893,0.015003687926408205,0.8987876487769533,1
0.015003687926408205,0.8987876487769533,0.030881036761321277,1.895321057538219,1
0.030881036761321277,1.895321057538219,-0.001970878871683423,-0.166612065585414,0
-0.001970878871683423,-0.166612065585414,0.006989973924877011,0.39581112455879747,1
0.006989973924877011,0.39581112455879747,0.023449502633309097,1.4288847454110372,1
0.023449502633309097,1.4288847454110372,-0.014132994632365769,-0.9299608338691365,0
-0.014132994632365769,-0.9299608338691365,-0.022683570022111757,-1.4666331793980623,0
-0.022683570022111757,-1.4666331793980623,0.0015430333103297763,0.05393677548617049,1
0.0015430333103297763,0.05393677548617049,0.017034671877777158,1.0262612831501323,1
0.017034671877777158,1.0262612831501323,-0.005210643166938434,-0.36995415942630877,0
-0.005210643166938434,-0.36995415942630877,-0.01978516320938967,-1.2847162075477283,0
-0.01978516320938967,-1.2847162075477283,-0.0015553762309700773,-0.14053326192589582,0
-0.0015553762309700773,-0.14053326192589582,-0.011405739983555954,-0.7587861371362526,0
-0.011405739983555954,-0.7587861371362526,0.00426445355283477,0.22474527879069964,1
0.00426445355283477,0.22474527879069964,0.005360697700509456,0.293550463376343,1
0.005360697700509456,0.293550463376343,-0.029157923839471175,-1.8729925751778187,0
-0.029157923839471175,-1.8729925751778187,0.01998252429311217,1.2112816821174524,1
0.01998252429311217,1.2112816821174524,-0.01130466493271325,-0.7524422149862579,0
-0.01130466493271325,-0.7524422149862579,-0.01766304596218056,-1.1515226400232703,0
-0.01766304596218056,-1.1515226400232703,0.018799263287328786,1.1370149304192896,1
0.018799263287328786,1.1370149304192896,0.011291899877248341,0.6658192334773558,1
0.011291899877248341,0.6658192334773558,0.0069375096863399524,0.3925182343533222,1
0.0069375096863399524,0.3925182343533222,0.0033396785537323365,0.1667022646971701,1
0.0033396785537323365,0.1667022646971701,0.017843794301439612,1.07704542446625,1
0.017843794301439612,1.07704542446625,0.010857870151941942,0.6385775871445492,1
0.010857870151941942,0.6385775871445492,-0.0034617050966591063,-0.2601829857240998,0
-0.0034617050966591063,-0.2601829857240998,0.005403666089333031,0.29624735159291854,1
0.005403666089333031,0.29624735159291854,-0.005403666089332988,-0.3820691411416399,0
-0.005403666089332988,-0.3820691411416399,0.009061593400908808,0.5258352261623758,1
0.009061593400908808,0.5258352261623758,-0.014058877980763995,-0.9253089414005228,0
-0.014058877980763995,-0.9253089414005228,-0.010510268448693322,-0.702582339489438,0
-0.010510268448693322,-0.702582339489438,0.017023518581047573,1.0255612523751947,1
0.017023518581047573,1.0255612523751947,-0.003685601330695695,-0.27423571452871404,0
-0.003685601330695695,-0.27423571452871404,-0.0015215673666795504,-0.13841126642601106,0
-0.0015215673666795504,-0.13841126642601106,0.004990778229055272,0.27033266324558064,1
0.004990778229055272,0.27033266324558064,0.006687492546171713,0.3768260406797326,1
0.006687492546171713,0.3768260406797326,-0.017131441521552847,-1.1181567682496114,0
-0.017131441521552847,-1.1181567682496114,-0.0017513540054500312,-0.1528337033707867,0
-0.0017513540054500312,-0.1528337033707867,-0.001754342899250213,-0.1530212997105844,0
-0.001754342899250213,-0.1530212997105844,0.020207103084864394,1.22537725129637,1
0.020207103084864394,1.22537725129637,0.013035696819474517,0.7752677269942924,1
0.013035696819474517,0.7752677269942924,-0.011960791079808124,-0.7936236258590909,0
-0.011960791079808124,-0.7936236258590909,0.030680513299514798,1.8827353084305838,1
0.030680513299514798,1.8827353084305838,0.0031207288307494724,0.15296000104471044,1
0.0031207288307494724,0.15296000104471044,-0.0008312742875871056,-0.09508538612289243,0
-0.0008312742875871056,-0.09508538612289243,0.023627222229437306,1.4400392219407638,1
0.023627222229437306,1.4400392219407638,-0.014933274107712861,-0.9801899522075623,0
-0.014933274107712861,-0.9801899522075623,0.003497548479438235,0.1766108871529951,1
0.003497548479438235,0.1766108871529951,-0.007628094678987738,-0.5216842260051955,0
-0.007628094678987738,-0.5216842260051955,-0.0014497195258406342,-0.13390177466590678,0
-0.0014497195258406342,-0.13390177466590678,-0.01272309610964127,-0.8414692981935705,0
-0.01272309610964127,-0.8414692981935705,-0.00041991304660853496,-0.06926651522908027,0
-0.00041991304660853496,-0.06926651522908027,-0.004841595528580712,-0.3467910794390995,0
-0.004841595528580712,-0.3467910794390995,-0.0008444356936091092,-0.09591145481632302,0
-0.0008444356936091092,-0.09591145481632302,0.022139613393056635,1.3466702394969183,1
0.022139613393056635,1.3466702394969183,-0.00497001816982872,-0.3548514586482273,0
-0.00497001816982872,-0.3548514586482273,0.009915457366647918,0.5794275467219225,1
0.009915457366647918,0.5794275467219225,-0.020349609190746028,-1.3201433612691214,0
-0.020349609190746028,-1.3201433612691214,0.026905659836111165,1.6458086257347893,1
0.026905659836111165,1.6458086257347893,0.005904467976969619,0.327679917406624,1
0.005904467976969619,0.327679917406624,-0.007334930933872185,-0.5032839584742075,0
-0.007334930933872185,-0.5032839584742075,0.009768077862662986,0.5701773500414354,1
0.009768077862662986,0.5701773500414354,-0.0022301197007637986,-0.1828831792190383,0
-0.0022301197007637986,-0.1828831792190383,0.007481562194054643,0.4266654024791401,1
0.007481562194054643,0.4266654024791401,0.005825082583743384,0.3226973351543757,1
0.005825082583743384,0.3226973351543757,0.010757093914287674,0.6322524198464098,1
0.010757093914287674,0.6322524198464098,-0.002181903242962912,-0.17985689872660154,0
-0.002181903242962912,-0.17985689872660154,0.0031720852474137794,0.15618335939580422,1
0.0031720852474137794,0.15618335939580422,-0.0025765759633756785,-0.2046283234466511,0
-0.0025765759633756785,-0.2046283234466511,0.024116443018626768,1.4707449062308149,1
0.024116443018626768,1.4707449062308149,-0.01522572427599137,-0.9985454324654843,0
-0.01522572427599137,-0.9985454324654843,0.015419470256848719,0.9248840070143867,1
0.015419470256848719,0.9248840070143867,-0.005438012920136652,-0.38422490182541713,0
-0.005438012920136652,-0.38422490182541713,-0.00019472824420100317,-0.05513291011164643,0
-0.00019472824420100317,-0.05513291011164643,0.0025289589663519654,0.11581787824436648,1
0.0025289589663519654,0.11581787824436648,0.0052320718168405505,0.28547732776407714,1
0.0052320718168405505,0.28547732776407714,-0.0015474244842929657,-0.14003417474804636,0
-0.0015474244842929657,-0.14003417474804636,-0.006993047409389693,-0.48182581973868477,0
-0.006993047409389693,-0.48182581973868477,0.014321933932456876,0.8559977196399806,1
0.014321933932456876,0.8559977196399806,-0.01276365876678833,-0.8440151919328508,0
-0.01276365876678833,-0.8440151919328508,0.011610007936531233,0.6857851177044846,1
0.011610007936531233,0.6857851177044846,-0.014143402388291931,-0.9306140711695509,0
-0.014143402388291931,-0.9306140711695509,-0.0007808104219604782,-0.09191804826598322,0
-0.0007808104219604782,-0.09191804826598322,0.003897895502797532,0.2017384564987278,1
0.003897895502797532,0.2017384564987278,0.00038896262127880154,-0.018497861408782318,1
0.00038896262127880154,-0.018497861408782318,0.013902544985570493,0.829674994027347,1
0.013902544985570493,0.829674994027347,0.0057361386821355755,0.3171148181750389,1
0.0057361386821355755,0.3171148181750389,-0.004586319501357377,-0.33076881449871365,0
-0.004586319501357377,-0.33076881449871365,0.035560127760667554,2.189001731305958,1
0.035560127760667554,2.189001731305958,-0.019599306969174154,-1.2730510388519158,0
-0.019599306969174154,-1.2730510388519158,0.004889105916670639,0.26395125429054755,1
0.004889105916670639,0.26395125429054755,-0.0030058230982731526,-0.23156979301994518,0
-0.0030058230982731526,-0.23156979301994518,-0.009261982326314745,-0.6242343207126549,0
-0.009261982326314745,-0.6242343207126549,0.00888560939609985,0.5147896831045766,1
0.00888560939609985,0.5147896831045766,0.0009406309867597863,0.01612731200490815,1
0.0009406309867597863,0.01612731200490815,-0.0018821475932797717,-0.16104289378911898,0
-0.0018821475932797717,-0.16104289378911898,0.003009781093195853,0.14599642493082304,1
0.003009781093195853,0.14599642493082304,0.0037494784772448973,0.19242314032535326,1
0.0037494784772448973,0.19242314032535326,-0.006006018469991724,-0.4198754699824712,0
-0.006006018469991724,-0.4198754699824712,0.0037580045264439723,0.19295827329748633,1
0.0037580045264439723,0.19295827329748633,-0.008475439542343848,-0.5748673785488888,0
-0.008475439542343848,-0.5748673785488888,0.0062223606438785665,0.34763228264523266,1
0.0062223606438785665,0.34763228264523266,-0.010962155375074457,-0.7309447836105261,0
-0.010962155375074457,-0.7309447836105261,0.0017089181844845952,0.06434845194565166,1
0.0017089181844845952,0.06434845194565166,0.008312959998897076,0.4788476463229247,1
0.008312959998897076,0.4788476463229247,-0.005849650955013806,-0.41006114554199385,0
-0.005849650955013806,-0.41006114554199385,-0.00227356919314763,-0.18561026364631972,0
-0.00227356919314763,-0.18561026364631972,0.0020843324868856346,0.08791113223688486,1
0.0020843324868856346,0.08791113223688486,-0.005314163030990172,-0.3764515289853335,0
-0.005314163030990172,-0.3764515289853335,-0.004195227429956276,-0.30622212732157966,0
-0.004195227429956276,-0.30622212732157966,0.02136383821065749,1.2979791201553408,1
0.02136383821065749,1.2979791201553408,-0.008075925455374292,-0.5497920880154679,0
-0.008075925455374292,-0.5497920880154679,0.0007540229594312205,0.00441495778824971,1
0.0007540229594312205,0.00441495778824971,0.001129969477293112,0.02801104230161802,1
0.001129969477293112,0.02801104230161802,0.0026315689555229415,0.12225813998735094,1
0.0026315689555229415,0.12225813998735094,0.021725823035312095,1.32069890637303,1
0.021725823035312095,1.32069890637303,0.006773531556014415,0.3822262336626098,1
0.006773531556014415,0.3822262336626098,0.00036483869757362726,-0.020011986731125257,1
0.00036483869757362726,-0.020011986731125257,0.010883446126238896,0.6401828496549054,1
0.010883446126238896,0.6401828496549054,-0.006879119627658509,-0.47467520272688646,0
-0.006879119627658509,-0.47467520272688646,0.013532006404853502,0.8064183358308915,1
0.013532006404853502,0.8064183358308915,0.0023270585753695037,0.10314570690468032,1
0.0023270585753695037,0.10314570690468032,0.004103842710650301,0.2146646241606168,1
0.004103842710650301,0.2146646241606168,0.009569467188893704,0.5577116560640846,1
0.009569467188893704,0.5577116560640846,-0.0010587855799453396,-0.10936501215257857,0
-0.0010587855799453396,-0.10936501215257857,-0.005665732178300458,-0.39851758071898424,0
-0.005665732178300458,-0.39851758071898424,0.009718236105825992,0.5670490585139355,1
0.009718236105825992,0.5670490585139355,-0.010606400956692963,-0.7086160455499233,0
-0.010606400956692963,-0.7086160455499233,-0.0007111274171209959,-0.08754443129331076,0
-0.0007111274171209959,-0.08754443129331076,-0.0012456571626600593,-0.12109390828376519,0
-0.0012456571626600593,-0.12109390828376519,0.009569467188893704,0.5577116560640846,1
0.009569467188893704,0.5577116560640846,0.0022901633394617955,0.10082999692132902,1
0.0022901633394617955,0.10082999692132902,-0.018828288919365048,-1.2246584984233022,0
-0.018828288919365048,-1.2246584984233022,0.0014333995846650758,0.047055672634062025,1
0.0014333995846650758,0.047055672634062025,0.005000949789228669,0.27097107584439734,1
0.005000949789228669,0.27097107584439734,-0.0008911726063235419,-0.09884487244331858,0
-0.0008911726063235419,-0.09884487244331858,0.04497878557098417,2.780158811197761,1
0.04497878557098417,2.780158811197761,0.00967010161221639,0.5640279224606483,1
0.00967010161221639,0.5640279224606483,0.0011811305776258203,0.031222141726379767,1
0.0011811305776258203,0.031222141726379767,0.0035350443140529544,0.17896429339678754,1
0.0035350443140529544,0.17896429339678754,0.014347937663545246,0.8576298300792892,1
0.014347937663545246,0.8576298300792892,-0.0004970388558031398,-0.07410727588372841,0
-0.0004970388558031398,-0.07410727588372841,0.00644256611208124,0.3614533624827774,1
0.00644256611208124,0.3614533624827774,0.001316469343529059,0.03971660784445922,1
0.001316469343529059,0.03971660784445922,-0.006765141511662319,-0.46752142651154566,0
-0.006765141511662319,-0.46752142651154566,-0.004979314051503358,-0.35543490974884795,0
-0.004979314051503358,-0.35543490974884795,0.008780021548420502,0.508162517646053,1
0.008780021548420502,0.508162517646053,-0.007948369911998918,-0.541786131746072,0
-0.007948369911998918,-0.541786131746072,-0.01575103670727537,-1.0315163895978863,0
-0.01575103670727537,-1.0315163895978863,-0.003722464612911667,-0.27654941895549046,0
-0.003722464612911667,-0.27654941895549046,0.004903993927277487,0.26488569240826987,1
0.004903993927277487,0.26488569240826987,0.0016855269277345985,0.06288031207755058,1
0.0016855269277345985,0.06288031207755058,-0.002867056242100465,-0.22286016462778108,0
-0.002867056242100465,-0.22286016462778108,0.005053906370667012,0.27429486769187833,1
0.005053906370667012,0.27429486769187833,0.01732511994697044,1.0444911027170394,1
0.01732511994697044,1.0444911027170394,-0.003639934595625637,-0.27136946603600015,0
-0.003639934595625637,-0.27136946603600015,-0.00899108459812416,-0.6072315679668169,0
-0.00899108459812416,-0.6072315679668169,0.013621467828144405,0.8120333347851679,1
0.013621467828144405,0.8120333347851679,-0.013956035538423924,-0.9188540898572269,0
-0.013956035538423924,-0.9188540898572269,-0.008906852761982751,-0.6019448012862461,0
-0.008906852761982751,-0.6019448012862461,-0.006095525171768501,-0.4254933108169847,0
-0.006095525171768501,-0.4254933108169847,0.00879275949563139,0.5089620081709935,1
0.00879275949563139,0.5089620081709935,-0.010152410127375581,-0.6801215510729125,0
-0.010152410127375581,-0.6801215510729125,0.008636107075674523,0.4991298018200789,1
0.008636107075674523,0.4991298018200789,-0.0030395211085101825,-0.23368483082374636,0
-0.0030395211085101825,-0.23368483082374636,0.010765442598331081,0.6327764205882813,1
0.010765442598331081,0.6327764205882813,-0.009244527208449448,-0.623138759464521,0
-0.009244527208449448,-0.623138759464521,0.006899477760928243,0.39013118065397,1
0.006899477760928243,0.39013118065397,0.0038496915734756556,0.19871296234965505,1
0.0038496915734756556,0.19871296234965505,-0.0010028644224691545,-0.10585515025680174,0
-0.0010028644224691545,-0.10585515025680174,0.01543215417339673,0.9256801063333258,1
0.01543215417339673,0.9256801063333258,0.007545952659588109,0.43070683601927184,1
0.007545952659588109,0.43070683601927184,0.005378577606894427,0.2946726862514219,1
0.005378577606894427,0.2946726862514219,0.0004875075967399845,-0.012312738103014401,1
0.0004875075967399845,-0.012312738103014401,-0.005539280329195239,-0.3905808972371743,0
-0.005539280329195239,-0.3905808972371743,0.0027735066874466103,0.13116678672028081,1
0.0027735066874466103,0.13116678672028081,-0.006538132539946874,-0.4532733283715377,0
-0.006538132539946874,-0.4532733283715377,0.0063751649431631925,0.35722296373580903,1
0.0063751649431631925,0.35722296373580903,0.0021160758159841724,0.08990348551203854,1
0.0021160758159841724,0.08990348551203854,-0.015732856096214814,-1.0303752931527608,0
-0.015732856096214814,-1.0303752931527608,-0.013637325604827171,-0.8988504293068673,0
-0.013637325604827171,-0.8988504293068673,0.003176440437451431,0.15645671059688637,1
0.003176440437451431,0.15645671059688637,0.0028336043839394575,0.13493878688022093,1
0.0028336043839394575,0.13493878688022093,-0.004838599727625756,-0.34660304957538274,0
-0.004838599727625756,-0.34660304957538274,0.002505600772226825,0.11435181353444158,1
0.002505600772226825,0.11435181353444158,0.0043283260107660065,0.22875419985743417,1
0.0043283260107660065,0.22875419985743417,0.002819910127331598,0.13407927410137,1
0.002819910127331598,0.13407927410137,-0.003983372300609507,-0.2929251520893384,0
-0.003983372300609507,-0.2929251520893384,0.01223152214344052,0.7247941284432888,1
0.01223152214344052,0.7247941284432888,-0.012065257546813254,-0.8001804084522245,0
-0.012065257546813254,-0.8001804084522245,-0.007678206402496913,-0.5248294618482028,0
-0.007678206402496913,-0.5248294618482028,-0.018774346117795,-1.2212728069904526,0
-0.018774346117795,-1.2212728069904526,0.012892496241511979,0.7662798183971218,1
0.012892496241511979,0.7662798183971218,0.004875959201783132,0.26312610767840966,1
0.004875959201783132,0.26312610767840966,-0.004033583011132563,-0.29607660079995934,0
-0.004033583011132563,-0.29607660079995934,0.045432406819292476,2.8086301091180537,1
0.045432406819292476,2.8086301091180537,-0.020813739645095267,-1.3492742639526671,0
-0.020813739645095267,-1.3492742639526671,0.006387694927231222,0.3580094015639923,1
0.006387694927231222,0.3580094015639923,0.00796819683522754,0.4572087685556591,1
0.00796819683522754,0.4572087685556591,0.01956754330767106,1.1852356198754115,1
0.01956754330767106,1.1852356198754115,-0.0030223299455803924,-0.23260583656764466,0
-0.0030223299455803924,-0.23260583656764466,-0.0014348372655440616,-0.13296769746337,0
-0.0014348372655440616,-0.13296769746337,0.003503765608590344,0.17700110197859853,1
0.003503765608590344,0.17700110197859853,0.008863583763007601,0.5134072558836492,1
0.008863583763007601,0.5134072558836492,0.00047266789086116844,-0.013244144400009835,1
0.00047266789086116844,-0.013244144400009835,0.006436945643588557,0.36110059674813955,1
0.006436945643588557,0.36110059674813955,0.012750906348874838,0.7573930036131847,1
0.012750906348874838,0.7573930036131847,-0.005267308402910012,-0.37351072301561833,0
-0.005267308402910012,-0.37351072301561833,-0.0013988708144405154,-0.13071028216740768,0
-0.0013988708144405154,-0.13071028216740768,0.006511622526833616,0.3657876518597729,1
0.006511622526833616,0.3657876518597729,0.00662305555722849,0.3727816871223741,1
0.00662305555722849,0.3727816871223741,-0.0018439272317328427,-0.15864401299532443,0
-0.0018439272317328427,-0.15864401299532443,0.01662516733133867,1.0005589467079024,1
0.01662516733133867,1.0005589467079024,0.000453667747620372,-0.014436678349321837,1
0.000453667747620372,-0.014436678349321837,-0.010639968723427004,-0.7107229086890904,0
-0.010639968723427004,-0.7107229086890904,0.0036607401885325928,0.18685352853074044,1
0.0036607401885325928,0.18685352853074044,0.004254014020783174,0.2240900470785656,1
0.004254014020783174,0.2240900470785656,0.0018176731110281443,0.07117439743534887,1
0.0018176731110281443,0.07117439743534887,0.001361003429603533,0.042511766221547696,1
0.001361003429603533,0.042511766221547696,-0.001209766280576593,-0.11884123603741147,0
-0.001209766280576593,-0.11884123603741147,-0.0025755362471205395,-0.2045630662053666,0
-0.0025755362471205395,-0.2045630662053666,-0.0021260356207430226,-0.17635039694289376,0
-0.0021260356207430226,-0.17635039694289376,-0.016090997785580576,-1.052853867015066,0
-0.016090997785580576,-1.052853867015066,-0.009624456898424592,-0.6469848456705507,0
-0.009624456898424592,-0.6469848456705507,0.0043579645515655855,0.2306144472073423,1
0.0043579645515655855,0.2306144472073423,-0.006387804704532778,-0.44383808122703344,0
-0.006387804704532778,-0.44383808122703344,0.003432635794167159,0.17253667676701498,1
0.003432635794167159,0.17253667676701498,0.010382146404004899,0.6087190375157892,1
0.010382146404004899,0.6087190375157892,0.0043070174271146655,0.227416777865719,1
0.0043070174271146655,0.227416777865719,0.010383362302816798,0.6087953527621398,1
0.010383362302816798,0.6087953527621398,-0.001976810254009108,-0.1669843456624684,0
-0.001976810254009108,-0.1669843456624684,0.009995595479152792,0.5844573730018975,1
0.009995595479152792,0.5844573730018975,0.0030092853133451714,0.14596530757050477,1
0.0030092853133451714,0.14596530757050477,0.0006007948020774617,-0.005202326530035209,1
0.0006007948020774617,-0.005202326530035209,0.00030031935787402204,-0.024061508990187323,1
0.00030031935787402204,-0.024061508990187323,0.013715154519634301,0.817913530464984,1
0.013715154519634301,0.817913530464984,-0.008176705881377503,-0.5561175181931153,0
-0.008176705881377503,-0.5561175181931153,-0.0011948351047859481,-0.11790408867974013,0
-0.0011948351047859481,-0.11790408867974013,-0.011877173034417656,-0.7883753834306266,0
-0.011877173034417656,-0.7883753834306266,0.0048280069989479965,0.2601164130092448,1
0.0048280069989479965,0.2601164130092448,0.006600606218006548,0.37137266621013676,1
0.006600606218006548,0.37137266621013676,0.0055170907728181815,0.30336639190918196,1
0.0055170907728181815,0.30336639190918196,-0.0034259862613200214,-0.25794111190073393,0
-0.0034259862613200214,-0.25794111190073393,0.004466332568765577,0.237416108536565,1
0.004466332568765577,0.237416108536565,0.0010392651117266853,0.022318030732288604,1
0.0010392651117266853,0.022318030732288604,0.004737236075131442,0.2544192239465208,1
0.004737236075131442,0.2544192239465208,0.0038325833417343436,0.1976391732257707,1
0.0038325833417343436,0.1976391732257707,-0.007087042215219899,-0.4877253540522383,0
-0.007087042215219899,-0.4877253540522383,0.007969359310602369,0.4572817307082152,1
0.007969359310602369,0.4572817307082152,-0.00014703618647596902,-0.05213954331283555,0
-0.00014703618647596902,-0.05213954331283555,0.001615874244841421,0.058508598245813406,1
0.001615874244841421,0.058508598245813406,0.0035165676262948705,0.17780461385421223,1
0.0035165676262948705,0.17780461385421223,-0.002196377213904401,-0.18076534986353923,0
-0.002196377213904401,-0.18076534986353923,0.000439639180944289,-0.015317173922928617,1
0.000439639180944289,-0.015317173922928617,-0.0020533798505800566,-0.17179019592574002,0
-0.0020533798505800566,-0.17179019592574002,-0.009440981482623395,-0.6354691081608849,0
-0.009440981482623395,-0.6354691081608849,-0.009830339337007707,-0.6599069481234592,0
-0.009830339337007707,-0.6599069481234592,0.004778263641425752,0.25699429746273306,1
0.004778263641425752,0.25699429746273306,0.004903819025809986,0.2648747148100941,1
0.004903819025809986,0.2648747148100941,-0.0022260383105504795,-0.1826270129192326,0
-0.0022260383105504795,-0.1826270129192326,0.021022462593180583,1.2765528599346048,1
0.021022462593180583,1.2765528599346048,0.0007271585022167845,0.0027288243285152405,1
0.0007271585022167845,0.0027288243285152405,0.016865238217020594,1.0156268689750554,1
0.016865238217020594,1.0156268689750554,-0.0007148841568707522,-0.08778022107834221,0
-0.0007148841568707522,-0.08778022107834221,-0.01760508913891843,-1.1478850106402474,0
-0.01760508913891843,-1.1478850106402474,0.009706677503877364,0.5663235889711203,1
0.009706677503877364,0.5663235889711203,-0.0007211805666011504,-0.08817541190754376,0
-0.0007211805666011504,-0.08817541190754376,0.018299278823345394,1.1056336697691849,1
0.018299278823345394,1.1056336697691849,-0.02728477576062159,-1.7554254259302087,0
-0.02728477576062159,-1.7554254259302087,0.00797503568728732,0.45763800549099426,1
0.00797503568728732,0.45763800549099426,-0.007975035687287286,-0.5434597950397163,0
-0.007975035687287286,-0.5434597950397163,-0.03631918594102447,-2.3224654063976815,0
-0.03631918594102447,-2.3224654063976815,-0.006208788532465373,-0.4326022257936977,0
-0.006208788532465373,-0.4326022257936977,0.0009109863678567329,0.014266683166047588,1
0.0009109863678567329,0.014266683166047588,0.012368177334895456,0.7333712193154159,1
0.012368177334895456,0.7333712193154159,0.009993344218400622,0.584316073810534,1
0.009993344218400622,0.584316073810534,-0.005655577824869011,-0.39788024809223266,0
-0.005655577824869011,-0.39788024809223266,0.0008950852408192684,0.013268657330969484,1
0.0008950852408192684,0.013268657330969484,-0.0056826421724705594,-0.39957892756647617,0
-0.0056826421724705594,-0.39957892756647617,-0.002552718044048758,-0.20313089374853127,0
-0.002552718044048758,-0.20313089374853127,0.016403565714854414,0.9866502383613006,1
0.016403565714854414,0.9866502383613006,0.0007393073476161322,0.0034913401895829126,1
0.0007393073476161322,0.0034913401895829126,0.0013292422820737316,0.04051829458197244,1
0.0013292422820737316,0.04051829458197244,-0.005179419202396311,-0.36799440379306464,0
-0.005179419202396311,-0.36799440379306464,0.0017787600126680846,0.06873203738157575,1
0.0017787600126680846,0.06873203738157575,-0.0025209203696693384,-0.20113512952054344,0
-0.0025209203696693384,-0.20113512952054344,-0.0014858617184642078,-0.13617022028549772,0
-0.0014858617184642078,-0.13617022028549772,0.0007432635143167597,0.003739646901792637,1
0.0007432635143167597,0.003739646901792637,0.002226255412757223,0.0968188496757806,1
0.002226255412757223,0.0968188496757806,-0.007141761259452504,-0.4911597659455747,0
-0.007141761259452504,-0.4911597659455747,0.009363184327174987,0.5447644212646857,1
0.009363184327174987,0.5447644212646857,0.02512549996824005,1.5340778324068287,1
0.02512549996824005,1.5340778324068287,-0.007529671148742962,-0.515506725144254,0
-0.007529671148742962,-0.515506725144254,0.015861881772977482,0.9526517320185498,1
0.015861881772977482,0.9526517320185498,0.00214364527921781,0.09163386830198658,1
0.00214364527921781,0.09163386830198658,0.02425719832004928,1.4795793383382305,1
0.02425719832004928,1.4795793383382305,-0.013748753949384771,-0.9058441704653684,0
-0.013748753949384771,-0.9058441704653684,0.0001412830844953006,-0.03404333664130559,1
0.0001412830844953006,-0.03404333664130559,0.013050073134321105,0.7761700487980429,1
0.013050073134321105,0.7761700487980429,-0.006994991819570362,-0.4819478596160925,0
-0.006994991819570362,-0.4819478596160925,0.011584946321412215,0.6842121386761029,1
0.011584946321412215,0.6842121386761029,0.0018024945304842756,0.0702217218490899,1
0.0018024945304842756,0.0702217218490899,0.012116315656396929,0.7175632541683276,1
0.012116315656396929,0.7175632541683276,0.005595424405279835,0.3082829609528759,1
0.005595424405279835,0.3082829609528759,-0.0005445264761373826,-0.07708781127774733,0
-0.0005445264761373826,-0.07708781127774733,0.0019044950060669867,0.07662372779382268,1
0.0019044950060669867,0.07662372779382268,0.003798143126194346,0.19547755129836947,1
0.003798143126194346,0.19547755129836947,0.012913807153155443,0.7676173865040322,1
0.012913807153155443,0.7676173865040322,-0.003883512326279584,-0.2866574935745247,0
-0.003883512326279584,-0.2866574935745247,-0.020879296318820694,-1.3533888939336498,0
-0.020879296318820694,-1.3533888939336498,0.006010159423428567,0.3343135851877993,1
0.006010159423428567,0.3343135851877993,-0.008204592248215629,-0.5578677912703217,0
-0.008204592248215629,-0.5578677912703217,-0.02193316422255314,-1.4195343559632578,0
-0.02193316422255314,-1.4195343559632578,-0.04345702426463499,-2.7704680565739657,0
-0.04345702426463499,-2.7704680565739657,0.003365712266580135,0.1683362569257644,1
0.003365712266580135,0.1683362569257644,-0.005713873949327957,-0.4015391735355598,0
-0.005713873949327957,-0.4015391735355598,-0.04523338132883154,-2.8819601689389978,0
-0.04523338132883154,-2.8819601689389978,0.029237865611958885,1.792188288731654,1
0.029237865611958885,1.792188288731654,0.021417211939580075,1.301329094044216,1
0.021417211939580075,1.301329094044216,-0.0013161363235567327,-0.12551749557061467,0
-0.0013161363235567327,-0.12551749557061467,0.01970508088176276,1.1938680930274135,1
0.01970508088176276,1.1938680930274135,0.032743537627307306,2.012219940097287,1
0.032743537627307306,2.012219940097287,-0.0006944291286079019,-0.08649637203949871,0
-0.0006944291286079019,-0.08649637203949871,-0.012443353434063003,-0.8239113969993228,0
-0.012443353434063003,-0.8239113969993228,0.0023887901018329752,0.10702025353928013,1
0.0023887901018329752,0.10702025353928013,-0.008032167379553772,-0.5470456355118629,0
-0.008032167379553772,-0.5470456355118629,0.0002828779684287444,-0.025156208581293867,1
0.0002828779684287444,-0.025156208581293867,-0.001698685547543071,-0.14952799544448545,0
-0.001698685547543071,-0.14952799544448545,-0.02264033959283237,-1.4639198443507608,0
-0.02264033959283237,-1.4639198443507608,-0.0059598064773323635,-0.4169749986853225,0
-0.0059598064773323635,-0.4169749986853225,-0.017798500904091945,-1.1600243978671043,0
-0.017798500904091945,-1.1600243978671043,0.0019275694811145645,0.07807198502578425,1
0.0019275694811145645,0.07807198502578425,0.0005923428870192144,-0.005732806511997636,1
0.0005923428870192144,-0.005732806511997636,0.008255944630520299,0.4752691068582408,1
0.008255944630520299,0.4752691068582408,0.023076219767801564,1.405455843630003,1
0.023076219767801564,1.405455843630003,0.0021497898755991336,0.09201953064656378,1
0.0021497898755991336,0.09201953064656378,0.01815908627398027,1.096834558497248,1
0.01815908627398027,1.096834558497248,-0.0059221574633566065,-0.41461197821988677,0
-0.0059221574633566065,-0.41461197821988677,-0.00042434089930712664,-0.06954442706367557,0
-0.00042434089930712664,-0.06954442706367557,-0.01081094660977958,-0.7214542453676085,0
-0.01081094660977958,-0.7214542453676085,0.0037116693441146304,0.19005007006580452,1
0.0037116693441146304,0.19005007006580452,-0.003997703434321922,-0.2938246381230799,0
-0.003997703434321922,-0.2938246381230799,-0.008043783626150335,-0.5477747230905416,0
-0.008043783626150335,-0.5477747230905416,0.00732817641482067,0.4170382251068435,1
0.00732817641482067,0.4170382251068435,-0.006463174358403325,-0.4485686177208601,0
-0.006463174358403325,-0.4485686177208601,-0.028203816767620647,-1.8131085490396701,0
-0.028203816767620647,-1.8131085490396701,-0.021119689726628917,-1.3684770591316135,0
-0.021119689726628917,-1.3684770591316135,0.03188113709699674,1.9580918265738174,1
0.03188113709699674,1.9580918265738174,-0.017751900711267317,-1.1570995613917388,0
-0.017751900711267317,-1.1570995613917388,-0.00899553992847417,-0.607511204421682,0
-0.00899553992847417,-0.607511204421682,0.0075019104800448525,0.42794255189565245,1
0.0075019104800448525,0.42794255189565245,-0.03761962205543791,-2.404086591864303,0
-0.03761962205543791,-2.404086591864303,0.015248626233919737,0.9141610722029063,1
0.015248626233919737,0.9141610722029063,0.0004584516075732958,-0.014136421907551107,1
0.0004584516075732958,-0.014136421907551107,0.0035080240619841142,0.17726838155535088,1
0.0035080240619841142,0.17726838155535088,-0.031395120814200955,-2.013409060982772,0
-0.031395120814200955,-2.013409060982772,0.023906771410697043,1.4575849785663668,1
0.023906771410697043,1.4575849785663668,0.02199886831257781,1.3378364489016314,1
0.02199886831257781,1.3378364489016314,-0.008438831777262639,-0.5725697115200401,0
-0.008438831777262639,-0.5725697115200401,0.016807045193652493,1.0119744146172083,1
0.016807045193652493,1.0119744146172083,0.0001488302439426034,-0.033569643167118815,1
0.0001488302439426034,-0.033569643167118815,0.014182526154586466,0.8472478641361733,1
0.014182526154586466,0.8472478641361733,0.00395292618163584,0.20519242797339846,1
0.00395292618163584,0.20519242797339846,0.016088477551862903,0.9668738963289455,1
0.016088477551862903,0.9668738963289455,-0.02297951293008149,-1.4852078796168608,0
-0.02297951293008149,-1.4852078796168608,-0.006198339734017782,-0.4319464124811162,0
-0.006198339734017782,-0.4319464124811162,0.007668473392627436,0.4383967850787225,1
0.007668473392627436,0.4383967850787225,-0.021231594276945886,-1.375500689092936,0
-0.021231594276945886,-1.375500689092936,-0.012685103989081658,-0.8390847428247241,0
-0.012685103989081658,-0.8390847428247241,0.008625303830148538,0.4984517418239401,1
0.008625303830148538,0.4984517418239401,-0.0013570143997226676,-0.128083186417922,0
-0.0013570143997226676,-0.128083186417922,-0.008180638400061021,-0.5563643406500286,0
-0.008180638400061021,-0.5563643406500286,0.007576942086214326,0.43265187100417274,1
0.007576942086214326,0.43265187100417274,-0.0049942472002482636,-0.3563721809379508,0
-0.0049942472002482636,-0.3563721809379508,0.006502747689874426,0.36523062740820367,1
0.006502747689874426,0.36523062740820367,0.009899641074192382,0.5784348454845458,1
0.009899641074192382,0.5784348454845458,0.005804010510154554,0.3213747575917432,1
0.005804010510154554,0.3213747575917432,-0.0002967741599314408,-0.06153776808323704,0
-0.0002967741599314408,-0.06153776808323704,0.011217748730545225,0.6611651759419362,1
0.011217748730545225,0.6611651759419362,0.010657862302302328,0.6260242001620765,1
0.010657862302302328,0.6260242001620765,0.008531558484517825,0.4925678647479731,1
0.008531558484517825,0.4925678647479731,-0.0034616776330350313,-0.2601812619842487,0
-0.0034616776330350313,-0.2601812619842487,-0.1019787908831638,-6.443555810799973,0
-0.1019787908831638,-6.443555810799973,-0.009000404368610602,-0.6078165184360858,0
-0.009000404368610602,-0.6078165184360858,0.02629007530512912,1.6071717879718428,1
0.02629007530512912,1.6071717879718428,0.011414392447188275,0.6735074148947567,1
0.011414392447188275,0.6735074148947567,0.018942636639828526,1.1460136831189798,1
0.018942636639828526,1.1460136831189798,-0.010890616377587137,-0.7264546762401672,0
-0.010890616377587137,-0.7264546762401672,-0.004792427357387031,-0.3437050651585255,0
-0.004792427357387031,-0.3437050651585255,-0.006373842454537078,-0.4429617479848239,0
-0.006373842454537078,-0.4429617479848239,-0.015243497617110288,-0.999660966827957,0
-0.015243497617110288,-0.999660966827957,-0.020800798791410155,-1.3484620381101042,0
-0.020800798791410155,-1.3484620381101042,0.013489849211955713,0.803772361897897,1
0.013489849211955713,0.803772361897897,-0.012358723669640422,-0.8185996545604813,0
-0.012358723669640422,-0.8185996545604813,0.013793332259492475,0.8228203149918067,1
0.013793332259492475,0.8228203149918067,0.009511839145667106,0.5540946623862382,1
0.009511839145667106,0.5540946623862382,0.0022064530301528942,0.095575963596784,1
0.0022064530301528942,0.095575963596784,0.025951296241585105,1.585908499086478,1
0.025951296241585105,1.585908499086478,0.0006134168839632396,-0.004410108230992783,1
0.0006134168839632396,-0.004410108230992783,0.00763595607600725,0.4363558528858095,1
0.00763595607600725,0.4363558528858095,0.006066966806455669,0.33787907056192695,1
0.006066966806455669,0.33787907056192695,0.0028690460719762194,0.13716326569962334,1
0.0028690460719762194,0.13716326569962334,-0.0009050771136036398,-0.09971758149449926,0
-0.0009050771136036398,-0.09971758149449926,0.0007542494508341606,0.004429173401459059,1
0.0007542494508341606,0.004429173401459059,-0.0027182184092066804,-0.21351843670402756,0
-0.0027182184092066804,-0.21351843670402756,-0.017696816472339245,-1.1536422282463394,0
-0.017696816472339245,-1.1536422282463394,-0.022570819535672082,-1.4595564547030584,0
-0.022570819535672082,-1.4595564547030584,-0.011558984438686578,-0.7684044443758895,0
-0.011558984438686578,-0.7684044443758895,0.0039736203657820485,0.20649128750487186,1
0.0039736203657820485,0.20649128750487186,-0.003973620365782042,-0.29231307705359555,0
-0.003973620365782042,-0.29231307705359555,-0.025648637722189345,-1.6527340866143156,0
-0.025648637722189345,-1.6527340866143156,0.012664542989323327,0.7519724529922464,1
0.012664542989323327,0.7519724529922464,-0.013645438494098064,-0.8993596305144548,0
-0.013645438494098064,-0.8993596305144548,0.0024504059554338047,0.110887540027787,1
0.0024504059554338047,0.110887540027787,0.00893369431135895,0.5178077073988957,1
0.00893369431135895,0.5178077073988957,-0.006001135969192875,-0.4195690224001357,0
-0.006001135969192875,-0.4195690224001357,-0.0035854213525998444,-0.2679479711466475,0
-0.0035854213525998444,-0.2679479711466475,0.008939502693509944,0.5181722674349888,1
0.008939502693509944,0.5181722674349888,0.007897561845529793,0.45277540075646266,1
0.007897561845529793,0.45277540075646266,0.013236745651764602,0.7878864507026833,1
0.013236745651764602,0.7878864507026833,0.008675805654777073,0.5016214621575434,1
0.008675805654777073,0.5016214621575434,-0.012803424191299349,-0.8465110477870514,0
-0.012803424191299349,-0.8465110477870514,0.009342165105540359,0.5434451609270275,1
0.009342165105540359,0.5434451609270275,-0.0011038350693247996,-0.11219251954572415,0
-0.0011038350693247996,-0.11219251954572415,-0.010467975610440905,-0.6999278518474463,0
-0.010467975610440905,-0.6999278518474463,0.005089064567689317,0.2765015533475777,1
0.005089064567689317,0.2765015533475777,-0.0007934497921857435,-0.09271135165851703,0
-0.0007934497921857435,-0.09271135165851703,0.018248104567357343,1.1024217446366682,1
0.018248104567357343,1.1024217446366682,-0.004687556267074992,-0.3371228865973691,0
-0.004687556267074992,-0.3371228865973691,-0.002038054381532283,-0.1708283009601611,0
-0.002038054381532283,-0.1708283009601611,0.016652780393407646,1.0022920659557093,1
0.016652780393407646,1.0022920659557093,0.017897199218804748,1.0803973558812394,1
0.017897199218804748,1.0803973558812394,0.011905813468999481,0.7043511956225326,1
0.011905813468999481,0.7043511956225326,-0.015094626222485016,-0.9903171324198634,0
-0.015094626222485016,-0.9903171324198634,-0.017181014280085016,-1.1212681762406693,0
-0.017181014280085016,-1.1212681762406693,0.021581976137362787,1.3116704318434569,1
0.021581976137362787,1.3116704318434569,-0.016181051013170862,-1.0585060102534365,0
-0.016181051013170862,-1.0585060102534365,0.0047593173190354394,0.2558051415506584,1
0.0047593173190354394,0.2558051415506584,0.006716594126026504,0.37865258595971424,1
0.006716594126026504,0.37865258595971424,0.01179685106822292,0.6975122281222462,1
0.01179685106822292,0.6975122281222462,0.01714287306247059,1.0330524733252484,1
0.01714287306247059,1.0330524733252484,-0.004147020261901436,-0.30319642989514406,0
-0.004147020261901436,-0.30319642989514406,-0.0102931439633399,-0.6889546359121888,0
-0.0102931439633399,-0.6889546359121888,-0.006468624140624005,-0.4489106704218399,0
-0.006468624140624005,-0.4489106704218399,-0.004841154443624137,-0.34676339497490466,0
-0.004841154443624137,-0.34676339497490466,0.01220902261211192,0.7233819572500026,1
0.01220902261211192,0.7233819572500026,-0.03072947286238845,-1.9716300190689204,0
-0.03072947286238845,-1.9716300190689204,0.011825318223235726,0.6992989540623017,1
0.011825318223235726,0.6992989540623017,-0.012907313707524687,-0.8530316183693984,0
-0.012907313707524687,-0.8530316183693984,-0.002942810676716454,-0.22761485168174647,0
-0.002942810676716454,-0.22761485168174647,0.007109752963503777,0.40332899261737454,1
0.007109752963503777,0.40332899261737454,0.0110278527709696,0.6492464563953977,1
0.0110278527709696,0.6492464563953977,0.0006091200785116373,-0.004679794954386657,1
0.0006091200785116373,-0.004679794954386657,0.00440497260853161,0.23356488305999468,1
0.00440497260853161,0.23356488305999468,0.0015144402439057634,0.0521421467829324,1
0.0015144402439057634,0.0521421467829324,0.009188896330107497,0.5338253272364735,1
0.009188896330107497,0.5338253272364735,0.004786840611862564,0.2575326264794418,1
0.004786840611862564,0.2575326264794418,0.003723844208551538,0.1908142189980141,1
0.003723844208551538,0.1908142189980141,0.004154290439847812,0.21783094922308036,1
0.004154290439847812,0.21783094922308036,-0.0040057063776309755,-0.2943269386304768,0
-0.0040057063776309755,-0.2943269386304768,-0.004618909626656149,-0.33281431648986015,0
-0.004618909626656149,-0.33281431648986015,0.005955966486640195,0.33091219415016293,1
0.005955966486640195,0.33091219415016293,0.0005936615623040871,-0.005650040554636179,1
0.0005936615623040871,-0.005650040554636179,0.00783272713830022,0.4487060846210476,1
0.00783272713830022,0.4487060846210476,-0.004573929798080606,-0.32999118132025806,0
-0.004573929798080606,-0.32999118132025806,0.0042795151539869935,0.22569061222726328,1
0.0042795151539869935,0.22569061222726328,0.020694386313490264,1.2559613256216096,1
0.020694386313490264,1.2559613256216096,-0.00694753635281355,-0.4789693423243685,0
-0.00694753635281355,-0.4789693423243685,0.0033350767724725605,0.16641343632834985,1
0.0033350767724725605,0.16641343632834985,-0.0021737784598806274,-0.17934695101022768,0
-0.0021737784598806274,-0.17934695101022768,0.009098153063345035,0.5281298740541335,1
0.009098153063345035,0.5281298740541335,0.022319495743635422,1.357960460166763,1
0.022319495743635422,1.357960460166763,-0.005780714541408569,-0.4057343879735802,0
-0.005780714541408569,-0.4057343879735802,-0.010947778106675054,-0.730042401957537,0
-0.010947778106675054,-0.730042401957537,0.006128435384615997,0.3417371133852429,1
0.006128435384615997,0.3417371133852429,-0.0007106165132889648,-0.08751236468429582,0
-0.0007106165132889648,-0.08751236468429582,0.00666056744848376,0.37513610115272505,1
0.00666056744848376,0.37513610115272505,-0.003679106016851647,-0.27382803958793617,0
-0.003679106016851647,-0.27382803958793617,0.010155252368918653,0.5944781533125711,1
0.010155252368918653,0.5944781533125711,0.00587658276848558,0.3259297170328996,1
0.00587658276848558,0.3259297170328996,0.0061196634944662,0.3411865503357598,1
0.0061196634944662,0.3411865503357598,-0.020451742660426337,-1.3265537145181052,0
-0.020451742660426337,-1.3265537145181052,-0.005107851531076228,-0.36350249672474594,0
-0.005107851531076228,-0.36350249672474594,-0.011445089656367003,-0.7612558985547212,0
-0.011445089656367003,-0.7612558985547212,-0.001295750458711314,-0.12423798753711478,0
-0.001295750458711314,-0.12423798753711478,-0.04027595294651397,-2.570809796424818,0
-0.04027595294651397,-2.570809796424818,-0.027061529938385932,-1.74141351987855,0
-0.027061529938385932,-1.74141351987855,0.02059095860001244,1.2494697398446566,1
0.02059095860001244,1.2494697398446566,-0.009251611191007104,-0.6235833818860089,0
-0.009251611191007104,-0.6235833818860089,0.027501949425953277,1.683234426714079,1
0.027501949425953277,1.683234426714079,-0.0038616139460535717,-0.28528305331249604,0
-0.0038616139460535717,-0.28528305331249604,-0.02181353105816624,-1.4120256436242542,0
-0.02181353105816624,-1.4120256436242542,-0.019659652800908773,-1.2768386130891713,0
-0.019659652800908773,-1.2768386130891713,-0.0029514963780568585,-0.2281600051361571,0
-0.0029514963780568585,-0.2281600051361571,-0.024408727067620928,-1.5749117496483696,0
-0.024408727067620928,-1.5749117496483696,-0.025837033297804974,-1.6645586353545279,0
-0.025837033297804974,-1.6645586353545279,0.02392225799220417,1.4585569856703122,1
0.02392225799220417,1.4585569856703122,0.0019147753056006254,0.07726896536111832,1
0.0019147753056006254,0.07726896536111832,-0.010415889441242556,-0.6966586909642131,0
-0.010415889441242556,-0.6966586909642131,0.02481828850885034,1.5147958675133602,1
0.02481828850885034,1.5147958675133602,0.01790909071365959,1.0811437192713858,1
0.01790909071365959,1.0811437192713858,0.006614904485317241,0.37227008940154344,1
0.006614904485317241,0.37227008940154344,0.010827388676120882,0.6366644334234921,1
0.010827388676120882,0.6366644334234921,-0.00030334712709363123,-0.06195031689348993,0
-0.00030334712709363123,-0.06195031689348993,0.0010614860515823748,0.02371271627900762,1
0.0010614860515823748,0.02371271627900762,0.033972258095573436,2.0893399309337606,1
0.033972258095573436,2.0893399309337606,-0.006909269825835939,-0.4765675639817147,0
-0.006909269825835939,-0.4765675639817147,-0.007700382813093407,-0.5262213525395013,0
-0.007700382813093407,-0.5262213525395013,-0.042049098333399045,-2.6821003295607033,0
-0.042049098333399045,-2.6821003295607033,-0.0024837589089298446,-0.1988027100763196,0
-0.0024837589089298446,-0.1988027100763196,-0.013614092341660788,-0.8973922058225453,0
-0.013614092341660788,-0.8973922058225453,0.01950291906039674,1.181179513147864,1
0.01950291906039674,1.181179513147864,0.004163087424583095,0.21838308732095943,1
0.004163087424583095,0.21838308732095943,-0.03730835953042922,-2.384550363978166,0
-0.03730835953042922,-2.384550363978166,0.07549878106439528,4.695730199133067,1
0.07549878106439528,4.695730199133067,0.002957774720592598,0.14273227243870998,1
0.002957774720592598,0.14273227243870998,0.0072095929537668605,0.4095953968427942,1
0.0072095929537668605,0.4095953968427942,0.015131976823006441,0.9068396335738195,1
0.015131976823006441,0.9068396335738195,0.0015871962046015778,0.05670863620593169,1
0.0015871962046015778,0.05670863620593169,0.030107395982433494,1.8467639029050422,1
0.030107395982433494,1.8467639029050422,0.0012582502320049296,0.03606251607728602,1
0.0012582502320049296,0.03606251607728602,0.010839444500764177,0.6374211108859658,1
0.010839444500764177,0.6374211108859658,0.03156294853839879,1.9381208898497213,1
0.03156294853839879,1.9381208898497213,-0.02385252647950674,-1.5400021136762951,0
-0.02385252647950674,-1.5400021136762951,-0.013810466005454797,-0.9097174950510132,0
-0.013810466005454797,-0.9097174950510132,-0.02335507982683427,-1.5087801374119378,0
-0.02335507982683427,-1.5087801374119378,0.004828131314938547,0.2601242156366932,1
0.004828131314938547,0.2601242156366932,0.006495457966571454,0.3647730917775659,1
0.006495457966571454,0.3647730917775659,0.009803957144365364,0.5724292941960006,1
0.009803957144365364,0.5724292941960006,-0.008538096699004762,-0.578800021873654,0
-0.008538096699004762,-0.578800021873654,-0.025339416668676274,-1.6333259906077244,0
-0.025339416668676274,-1.6333259906077244,-0.02201097748017528,-1.4244182639551572,0
-0.02201097748017528,-1.4244182639551572,0.00206124032671923,0.08646176500778635,1
0.00206124032671923,0.08646176500778635,-0.017208495196921417,-1.1229930014627898,0
-0.017208495196921417,-1.1229930014627898,-0.024845988534599506,-1.6023562345393194,0
-0.024845988534599506,-1.6023562345393194,-0.02957876713426602,-1.899406582168333,0
-0.02957876713426602,-1.899406582168333,-0.009844518233626302,-0.6607968790764613,0
-0.009844518233626302,-0.6607968790764613,0.04477782222047447,2.7675454527081405,1
0.04477782222047447,2.7675454527081405,0.014240543802928073,0.8508893111731647,1
0.014240543802928073,0.8508893111731647,-0.00785271723122294,-0.535782541787701,0
-0.00785271723122294,-0.535782541787701,0.02248633225073426,1.3684318653650565,1
0.02248633225073426,1.3684318653650565,-0.02658807199214352,-1.7116971820957227,0
-0.02658807199214352,-1.7116971820957227,-0.037535453676074824,-2.398803808014888,0
-0.037535453676074824,-2.398803808014888,0.03402796469310116,2.0928363260877627,1
0.03402796469310116,2.0928363260877627,0.021012025635561638,1.2758977898053756,1
0.021012025635561638,1.2758977898053756,0.014553321230211254,0.8705206210999642,1
0.014553321230211254,0.8705206210999642,0.02071854311469828,1.2574775144830432,1
0.02071854311469828,1.2574775144830432,0.009342526001771517,0.5434678123882497,1
0.009342526001771517,0.5434678123882497,0.006843421799182899,0.3866128578394808,1
0.006843421799182899,0.3866128578394808,-0.008991672166927329,-0.6072684464122294,0
-0.008991672166927329,-0.6072684464122294,0.012112702184705417,0.7173364565272574,1
0.012112702184705417,0.7173364565272574,-0.008106418649899914,-0.5517059772548237,0
-0.008106418649899914,-0.5517059772548237,0.011217738138301963,0.6611645111253857,1
0.011217738138301963,0.6611645111253857,0.015551985747359717,0.9332012717445168,1
0.015551985747359717,0.9332012717445168,-0.008516639405967552,-0.5774532662159247,0
-0.008516639405967552,-0.5774532662159247,0.0046163868544922245,0.2468341864795021,1
0.0046163868544922245,0.2468341864795021,0.007369827872158164,0.41965245681466723,1
0.007369827872158164,0.41965245681466723,0.02016116018398974,1.222493669402879,1
0.02016116018398974,1.222493669402879,-0.005172961270678794,-0.36758907512170275,0
-0.005172961270678794,-0.36758907512170275,0.003950164190865692,0.20501907308236716,1
0.003950164190865692,0.20501907308236716,0.025236304140624964,1.5410323977287737,1
0.025236304140624964,1.5410323977287737,0.008053388146182533,0.4625557561658412,1
0.008053388146182533,0.4625557561658412,-0.00013152917330504826,-0.05116625382630976,0
-0.00013152917330504826,-0.05116625382630976,-0.00013154647550428597,-0.05116733978970104,0
-0.00013154647550428597,-0.05116733978970104,0.0036759761234739833,0.18780980393544922,1
0.0036759761234739833,0.18780980393544922,-0.0001309810210373102,-0.05113184933891271,0
-0.0001309810210373102,-0.05113184933891271,-0.0127944921425221,-0.845950432465957,0
-0.0127944921425221,-0.845950432465957,0.0062198467642681134,0.3474745003200178,1
0.0062198467642681134,0.3474745003200178,0.003687109395642809,0.18850857787941336,1
0.003687109395642809,0.18850857787941336,0.012928653525554602,0.7685492112216539,1
0.012928653525554602,0.7685492112216539,0.002332819947675021,0.1035073163926658,1
0.002332819947675021,0.1035073163926658,-0.0029818309763122537,-0.2300639401644271,0
-0.0029818309763122537,-0.2300639401644271,0.016482557170409768,0.9916080953238243,1
0.016482557170409768,0.9916080953238243,-0.010011717693539238,-0.6712910648163184,0
-0.010011717693539238,-0.6712910648163184,0.01332670869083361,0.7935329333061785,1
0.01332670869083361,0.7935329333061785,-0.008565065873460285,-0.5804927278556843,0
-0.008565065873460285,-0.5804927278556843,0.006781406419066205,0.3827204952803474,1
0.006781406419066205,0.3827204952803474,0.011663395414166743,0.6891359545240606,1
0.011663395414166743,0.6891359545240606,-0.01000696537624003,-0.6709927881325385,0
-0.01000696537624003,-0.6709927881325385,0.011014799094991125,0.648427149321216,1
0.011014799094991125,0.648427149321216,0.0002518478218533194,-0.027103799332287102,1
0.0002518478218533194,-0.027103799332287102,0.02240565994725611,1.363368510870953,1
0.02240565994725611,1.363368510870953,-0.013757428903477323,-0.9063886493744472,0
-0.013757428903477323,-0.9063886493744472,-0.004878966350142229,-0.3491366393046746,0
-0.004878966350142229,-0.3491366393046746,-0.01249303745751801,-0.8270297884744613,0
-0.01249303745751801,-0.8270297884744613,-0.00025395787081047605,-0.05885042632411416,0
-0.00025395787081047605,-0.05885042632411416,-0.009571893231833268,-0.6436857149157952,0
-0.009571893231833268,-0.6436857149157952,0.016785740521408007,1.0106372381228774,1
0.016785740521408007,1.0106372381228774,0.007913088331458996,0.4537499124403711,1
0.007913088331458996,0.4537499124403711,0.002499026057436956,0.11393915503526102,1
0.002499026057436956,0.11393915503526102,0.0059724373537676,0.3319459794208899,1
0.0059724373537676,0.3319459794208899,0.0060602234394139,0.3374558266932853,1
0.0060602234394139,0.3374558266932853,-0.0016042115325684842,-0.14359838382223736,0
-0.0016042115325684842,-0.14359838382223736,0.0028364788103918616,0.13511919873742903,1
0.0028364788103918616,0.13511919873742903,-0.0034542199128248514,-0.2597131821165131,0
-0.0034542199128248514,-0.2597131821165131,0.013258257592670622,0.7892366363050181,1
0.013258257592670622,0.7892366363050181,-0.03739801213224104,-2.390177362151274,0
-0.03739801213224104,-2.390177362151274,0.006687285001346017,0.3768130142384311,1
0.006687285001346017,0.3768130142384311,0.014110303357623007,0.8427148384530688,1
0.014110303357623007,0.8427148384530688,-0.020670971023959504,-1.3403134668974488,0
-0.020670971023959504,-1.3403134668974488,0.008821695038584872,0.5107781322326117,1
0.008821695038584872,0.5107781322326117,0.008495807345479965,0.4903239634000255,1
0.008495807345479965,0.4903239634000255,0.014573560921299907,0.8717909546148707,1
0.014573560921299907,0.8717909546148707,-0.005162865516288299,-0.3669554204327881,0
-0.005162865516288299,-0.3669554204327881,0.009811251657674817,0.5728871304688639,1
0.009811251657674817,0.5728871304688639,-0.013639095514862962,-0.8989615167749015,0
-0.013639095514862962,-0.8989615167749015,0.007886662907108212,0.45209133464630363,1
0.007886662907108212,0.45209133464630363,0.0026967559339908264,0.12634956624087032,1
0.0026967559339908264,0.12634956624087032,-0.0033107046541801903,-0.2507055227526315,0
-0.0033107046541801903,-0.2507055227526315,0.003188257006817718,0.15719837132834025,1
0.003188257006817718,0.15719837132834025,-0.007372833425538421,-0.5056628883329283,0
-0.007372833425538421,-0.5056628883329283,-0.0012340921092335716,-0.12036803381735169,0
-0.0012340921092335716,-0.12036803381735169,-0.007188056894360486,-0.4940654870042549,0
-0.007188056894360486,-0.4940654870042549,-0.03609126618883517,-2.3081601436025614,0
-0.03609126618883517,-2.3081601436025614,-0.02771785106332483,-1.7826071684327212,0
-0.02771785106332483,-1.7826071684327212,0.009762582434289332,0.5698324323837873,1
0.009762582434289332,0.5698324323837873,-0.007908285351333923,-0.5392702454798242,0
-0.007908285351333923,-0.5392702454798242,-0.00013236467183022204,-0.05121869344969799,0
-0.00013236467183022204,-0.05121869344969799,0.0030393595812493366,0.1478529031018592,1
0.0030393595812493366,0.1478529031018592,0.012196076582600222,0.7225694065494191,1
0.012196076582600222,0.7225694065494191,0.009082675012247151,0.527158402356816,1
0.009082675012247151,0.527158402356816,-0.0011631191991800733,-0.11591345662561067,0
-0.0011631191991800733,-0.11591345662561067,0.015016622488967011,0.8995994797602985,1
0.015016622488967011,0.8995994797602985,-0.01320784438744416,-0.8718942676700764,0
-0.01320784438744416,-0.8718942676700764,0.009378828125310053,0.5457462959871979,1
0.009378828125310053,0.5457462959871979,0.013842420304646278,0.8259013002038328,1
0.013842420304646278,0.8259013002038328,0.0007563989118150174,0.004564083183975297,1
0.0007563989118150174,0.004564083183975297,-0.03435795405417086,-2.199369723491234,0
-0.03435795405417086,-2.199369723491234,-0.0007828491927936005,-0.09204601063987443,0
-0.0007828491927936005,-0.09204601063987443,0.005077797357958248,0.27579437288330266,1
0.005077797357958248,0.27579437288330266,0.0012978389246930504,0.03854727945202176,1
0.0012978389246930504,0.03854727945202176,-0.043202720178978866,-2.754506795032394,0
-0.043202720178978866,-2.754506795032394,0.028964398083148192,1.7750242438079833,1
0.028964398083148192,1.7750242438079833,-0.1166654236756967,-7.3653545564309155,0
-0.1166654236756967,-7.3653545564309155,0.02424543522591626,1.4788410339515323,1
0.02424543522591626,1.4788410339515323,-0.0027455032978674384,-0.21523095832130082,0
-0.0027455032978674384,-0.21523095832130082,-0.00260794561000901,-0.20659722273935985,0
-0.00260794561000901,-0.20659722273935985,-0.008888956311433606,-0.600821540025446,0
-0.008888956311433606,-0.600821540025446,-0.00513609569546933,-0.3652752267764017,0
-0.00513609569546933,-0.3652752267764017,-0.00398031447742165,-0.2927332294329511,0
-0.00398031447742165,-0.2927332294329511,0.00970173233531497,0.5660132080797246,1
0.00970173233531497,0.5660132080797246,-0.018901902924290625,-1.2292788425389234,0
-0.018901902924290625,-1.2292788425389234,0.003274317744675916,0.1625999280586273,1
0.003274317744675916,0.1625999280586273,-0.006110811990654312,-0.4264527799255739,0
-0.006110811990654312,-0.4264527799255739,0.002389185236733344,0.10704505397248087,1
0.002389185236733344,0.10704505397248087,-0.0008953326109650499,-0.09910597293616337,0
-0.0008953326109650499,-0.09910597293616337,0.014228773053957654,0.8501505263346424,1
0.014228773053957654,0.8501505263346424,0.005869445160131181,0.32548172881661935,1
0.005869445160131181,0.32548172881661935,0.011781172920883518,0.6965281974900768,1
0.011781172920883518,0.6965281974900768,0.005191718903476485,0.2829445984824911,1
0.005191718903476485,0.2829445984824911,0.01101512154298685,0.6484473875992603,1
0.01101512154298685,0.6484473875992603,-0.002849475949254572,-0.2217567468381426,0
-0.002849475949254572,-0.2217567468381426,0.00284947594925461,0.1359349572894209,1
0.00284947594925461,0.1359349572894209,0.00014228801429828545,-0.033980262753306595,1
0.00014228801429828545,-0.033980262753306595,-0.0047052460232153235,-0.3382331747928338,0
-0.0047052460232153235,-0.3382331747928338,0.00456295800891716,0.24348075322306198,1
0.00456295800891716,0.24348075322306198,0.02278583382787425,1.3872299235736405,1
0.02278583382787425,1.3872299235736405,0.010238022978753054,0.5996732068962116,1
0.010238022978753054,0.5996732068962116,0.009180007789816983,0.5332674427025555,1
0.009180007789816983,0.5332674427025555,0.0002726939006034418,-0.02579540621627234,1
0.0002726939006034418,-0.02579540621627234,-0.002730708333604143,-0.2143023602081585,0
-0.002730708333604143,-0.2143023602081585,-0.008650891531573775,-0.5858795299300297,0
-0.008650891531573775,-0.5858795299300297,-0.005115845829945972,-0.36400425466847797,0
-0.005115845829945972,-0.36400425466847797,0.014450165955497541,0.8640461347980625,1
0.014450165955497541,0.8640461347980625,0.020019547555414414,1.2136054276097972,1
0.020019547555414414,1.2136054276097972,0.014756008956290529,0.883242209110911,1
0.014756008956290529,0.883242209110911,-0.0022458318393974138,-0.18386934329682542,0
-0.0022458318393974138,-0.18386934329682542,0.015616122247511376,0.9372267652816751,1
0.015616122247511376,0.9372267652816751,-0.01376623550057706,-0.9069413907873014,0
-0.01376623550057706,-0.9069413907873014,-0.02553790379008045,-1.6457839298861745,0
-0.02553790379008045,-1.6457839298861745,-0.0052956795282916025,-0.37529142170662017,0
-0.0052956795282916025,-0.37529142170662017,-0.001089690910530285,-0.11130476889389214,0
-0.001089690910530285,-0.11130476889389214,-0.02246672783383724,-1.453023194047782,0
-0.02246672783383724,-1.453023194047782,-0.0012552667562721338,-0.12169704934834859,0
-0.0012552667562721338,-0.12169704934834859,-0.015471454014978339,-1.0139685296697376,0
-0.015471454014978339,-1.0139685296697376,-0.00854106407170204,-0.5789862674528014,0
-0.00854106407170204,-0.5789862674528014,-0.005159831251104018,-0.3667649763820453,0
-0.005159831251104018,-0.3667649763820453,0.007729797151983326,0.44224573842631176,1
0.007729797151983326,0.44224573842631176,-0.020601468577874062,-1.3359511825995518,0
-0.020601468577874062,-1.3359511825995518,0.005660794688998439,0.31238589226358354,1
0.005660794688998439,0.31238589226358354,0.011512619260216145,0.6796725689035402,1
0.011512619260216145,0.6796725689035402,-0.00444537271639156,-0.32192236402789765,0
-0.00444537271639156,-0.32192236402789765,0.0038728678182749924,0.2001676071063025,1
0.0038728678182749924,0.2001676071063025,-0.0050233112871431364,-0.3581963729921175,0
-0.0050233112871431364,-0.3581963729921175,0.012440322438291972,0.7378993686028507,1
0.012440322438291972,0.7378993686028507,-0.0031312467089093868,-0.2394419396576528,0
-0.0031312467089093868,-0.2394419396576528,-0.010604826188093936,-0.7085172060310391,0
-0.010604826188093936,-0.7085172060310391,-0.002885654486515638,-0.22402747360969835,0
-0.002885654486515638,-0.22402747360969835,-0.01646183646476835,-1.0761293607334441,0
-0.01646183646476835,-1.0761293607334441,-0.03315222494512395,-2.1236927731656805,0
-0.03315222494512395,-2.1236927731656805,0.02696393126210913,1.6494660009922655,1
0.02696393126210913,1.6494660009922655,0.004571231840250104,0.24400005587411944,1
0.004571231840250104,0.24400005587411944,0.022116377266696602,1.34521183630576,1
0.022116377266696602,1.34521183630576,-0.012307380297044606,-0.8153771149134529,0
-0.012307380297044606,-0.8153771149134529,-0.029720560934595873,-1.908306195110842,0
-0.029720560934595873,-1.908306195110842,0.015044629653806962,0.9013573346602503,1
0.015044629653806962,0.9013573346602503,-0.030776325534556274,-1.9745707022768317,0
-0.030776325534556274,-1.9745707022768317,0.059197636760389055,3.6725974917216186,1
0.059197636760389055,3.6725974917216186,0.021185202814244675,1.286767163904733,1
0.021185202814244675,1.286767163904733,0.009381825592803579,0.5459344304503273,1
0.009381825592803579,0.5459344304503273,-0.008819224815099676,-0.5964448795097513,0
-0.008819224815099676,-0.5964448795097513,0.015071373806035172,0.903035917241103,1
0.015071373806035172,0.903035917241103,-0.00639156130392698,-0.4440738622027227,0
-0.00639156130392698,-0.4440738622027227,-0.031002480078671058,-1.988765172720032,0
-0.031002480078671058,-1.988765172720032,0.0012931438875383751,0.03825259792624202,1
0.0012931438875383751,0.03825259792624202,-0.0023001164475968377,-0.18727648804212996,0
-0.0023001164475968377,-0.18727648804212996,0.006598776854372352,0.37125784716841864,1
0.006598776854372352,0.37125784716841864,0.010807763195253105,0.6354326504885012,1
0.010807763195253105,0.6354326504885012,0.005782452740994533,0.3200216956032653,1
0.005782452740994533,0.3200216956032653,-0.00989263193637788,-0.6638167102025323,0
-0.00989263193637788,-0.6638167102025323,0.006370757508559509,0.35694633343215004,1
0.006370757508559509,0.35694633343215004,0.036851324336478045,2.270043002015077,1
0.036851324336478045,2.270043002015077,0.010284287663409473,0.6025769853787091,1
0.010284287663409473,0.6025769853787091,-0.0013471438752639786,-0.1274636681666476,0
-0.0013471438752639786,-0.1274636681666476,0.00792211393959035,0.4543163999648817,1
0.00792211393959035,0.4543163999648817,0.029258825428076507,1.793503820513432,1
0.029258825428076507,1.793503820513432,0.0075052350254801265,0.42815121523294153,1
0.0075052350254801265,0.42815121523294153,0.004245221895783114,0.22353821399939947,1
0.004245221895783114,0.22353821399939947,-0.009674373877114817,-0.6501178584579154,0
-0.009674373877114817,-0.6501178584579154,-0.009768882442538502,-0.656049638620842,0
-0.009768882442538502,-0.656049638620842,0.015198034423870115,0.9109857039819039,1
0.015198034423870115,0.9109857039819039,0.006425105654615878,0.3603574660974673,1
0.006425105654615878,0.3603574660974673,-0.0012817032456275425,-0.12335632163158368,0
-0.0012817032456275425,-0.12335632163158368,0.001153577498876612,0.02949278729993805,1
0.001153577498876612,0.02949278729993805,-0.027139188893090777,-1.7462877431293915,0
-0.027139188893090777,-1.7462877431293915,0.004727528215686222,0.2538099152788516,1
0.004727528215686222,0.2538099152788516,0.002486030902993279,0.11312352103428346,1
0.002486030902993279,0.11312352103428346,-0.0017003111387079107,-0.14963002481485413,0
-0.0017003111387079107,-0.14963002481485413,0.0031368195768596064,0.15396992822067476,1
0.0031368195768596064,0.15396992822067476,-0.023636156666814047,-1.5264217767297672,0
-0.023636156666814047,-1.5264217767297672,-0.020109968687094547,-1.3051024517026608,0
-0.020109968687094547,-1.3051024517026608,0.007064344935658746,0.4004789817469178,1
0.007064344935658746,0.4004789817469178,0.026846280148485724,1.6420816910219584,1
0.026846280148485724,1.6420816910219584,-0.01033257041829595,-0.6914292165214104,0
-0.01033257041829595,-0.6914292165214104,-0.03537194660865399,-2.2630124302985353,0
-0.03537194660865399,-2.2630124302985353,0.013428584403699845,0.7999271085849462,1
0.013428584403699845,0.7999271085849462,0.007187916956996451,0.40823491436083126,1
0.007187916956996451,0.40823491436083126,0.017415082129669558,1.0501375315709311,1
0.017415082129669558,1.0501375315709311,-0.0015949331385391292,-0.14301603032443097,0
-0.0015949331385391292,-0.14301603032443097,0.007553202194178475,0.4311618492266018,1
0.007553202194178475,0.4311618492266018,-0.006356839941598664,-0.44189459424573313,0
-0.006356839941598664,-0.44189459424573313,-0.004660751312124353,-0.33544048776577606,0
-0.004660751312124353,-0.33544048776577606,-0.004682575672525941,-0.33681028221264275,0
-0.004682575672525941,-0.33681028221264275,0.012129487511596905,0.7183899786988913,1
0.012129487511596905,0.7183899786988913,-0.010521517918661193,-0.7032884065268511,0
-0.010521517918661193,-0.7032884065268511,0.003875209022653304,0.2003145515618274,1
0.003875209022653304,0.2003145515618274,0.0002666574574918445,-0.02617428037803201,1
0.0002666574574918445,-0.02617428037803201,0.005186518591377993,0.28261820364189044,1
0.005186518591377993,0.28261820364189044,0.010030467251287948,0.5866460813509248,1
0.010030467251287948,0.5866460813509248,0.0002625609666669054,-0.02643139445974565,1
0.0002625609666669054,-0.02643139445974565,-0.0006565818354298074,-0.08412090668471488,0
-0.0006565818354298074,-0.08412090668471488,-0.004872634120734804,-0.34873920027237443,0
-0.004872634120734804,-0.34873920027237443,0.015977307016213853,0.9598963364103427,1
0.015977307016213853,0.9598963364103427,-0.002992694424135086,-0.23074577872591176,0
-0.002992694424135086,-0.23074577872591176,-0.01562832786892702,-1.023814634208125,0
-0.01562832786892702,-1.023814634208125,0.0031716407910984176,0.1561554633300568,1
0.0031716407910984176,0.1561554633300568,0.0015821063677264073,0.056389175284338844,1
0.0015821063677264073,0.056389175284338844,0.009570649427272641,0.5577858586311492,1
0.009570649427272641,0.5577858586311492,0.002736324430588616,0.12883306201866965,1
0.002736324430588616,0.12883306201866965,0.002599151244306702,0.1202234594749772,1
0.002599151244306702,0.1202234594749772,0.0014266341251453864,0.046631042142719084,1
0.0014266341251453864,0.046631042142719084,-0.005197536529273991,-0.3691315282398965,0
-0.005197536529273991,-0.3691315282398965,0.019352945109353027,1.171766477368846,1
0.019352945109353027,1.171766477368846,-0.00409731284410916,-0.30007657008679034,0
-0.00409731284410916,-0.30007657008679034,0.0171726975961367,1.0349243944191309,1
0.0171726975961367,1.0349243944191309,-0.009758702175208508,-0.6554106795219431,0
-0.009758702175208508,-0.6554106795219431,-0.002805684683714291,-0.2190082111993169,0
-0.002805684683714291,-0.2190082111993169,0.010418080056634612,0.6109743942328747,1
0.010418080056634612,0.6109743942328747,0.014305669426560941,0.8549768865228891,1
0.014305669426560941,0.8549768865228891,0.008560250969201839,0.49436873338575954,1
0.008560250969201839,0.49436873338575954,0.0016047017427581179,0.0578073620569993,1
0.0016047017427581179,0.0578073620569993,-0.003830776274542973,-0.2833475431572274,0
-0.003830776274542973,-0.2833475431572274,-0.005213494699446839,-0.3701331343572208,0
-0.005213494699446839,-0.3701331343572208,-0.003116238168478924,-0.23849993654924898,0
-0.003116238168478924,-0.23849993654924898,0.010308752253832444,0.6041124924675589,1
0.010308752253832444,0.6041124924675589,0.007386448423906777,0.420695636961539,1
0.007386448423906777,0.420695636961539,0.008305902325216425,0.4784046751641984,1
0.008305902325216425,0.4784046751641984,-0.007202574399089677,-0.494976670516371,0
-0.007202574399089677,-0.494976670516371,0.015922518514527764,0.9564575650566453,1
0.015922518514527764,0.9564575650566453,0.0058911846759380476,0.326846198037337,1
0.0058911846759380476,0.326846198037337,0.016525364767864426,0.9942948915551049,1
0.016525364767864426,0.9942948915551049,-0.013054997851763261,-0.8623009356344091,0
-0.013054997851763261,-0.8623009356344091,0.008801173381877029,0.50949010129463,1
0.008801173381877029,0.50949010129463,-0.005938259945487692,-0.41562264200100385,0
-0.005938259945487692,-0.41562264200100385,-0.006213386599611457,-0.432890821048135,0
-0.006213386599611457,-0.432890821048135,0.012861935262383727,0.7643616746930048,1
0.012861935262383727,0.7643616746930048,0.008014188878882238,0.46009543486976884,1
0.008014188878882238,0.46009543486976884,0.0008213516794315678,0.008640809317186419,1
0.0008213516794315678,0.008640809317186419,0.00046905388184816744,-0.013470975765779191,1
0.00046905388184816744,-0.013470975765779191,0.0017568835732450863,0.067358974222453,1
0.0017568835732450863,0.067358974222453,-0.0003511298702211518,-0.06494937551366245,0
-0.0003511298702211518,-0.06494937551366245,-0.006106132687456652,-0.4261590859332911,0
-0.006106132687456652,-0.4261590859332911,0.004817541012585956,0.2594595209062963,1
0.004817541012585956,0.2594595209062963,0.007474044020110338,0.4261935282647307,1
0.007474044020110338,0.4261935282647307,-0.016186106137086084,-1.0588232924344432,0
-0.016186106137086084,-1.0588232924344432,0.0029517702629496398,0.14235540582798575,1
0.0029517702629496398,0.14235540582798575,0.003060651405078332,0.14918927317218206,1
0.003060651405078332,0.14918927317218206,0.009824597595795924,0.573724781221973,1
0.009824597595795924,0.573724781221973,0.01559011325975653,0.9355943249104732,1
0.01559011325975653,0.9355943249104732,0.003660071656169281,0.18681156845026317,1
0.003660071656169281,0.18681156845026317,-0.0014852588485029488,-0.13613238147098405,0
-0.0014852588485029488,-0.13613238147098405,0.00604161186254457,0.3362876809069288,1
0.00604161186254457,0.3362876809069288,0.0071344493847801255,0.40487905044721867,1
0.0071344493847801255,0.40487905044721867,0.009433991006628442,0.5492085650806645,1
0.009433991006628442,0.5492085650806645,0.007350558270213194,0.41844301043219134,1
0.007350558270213194,0.41844301043219134,-0.00567521833365826,-0.39911297424677283,0
-0.00567521833365826,-0.39911297424677283,0.005786114387429668,0.32025151690665954,1
0.005786114387429668,0.32025151690665954,-0.011830468077225454,-0.785443971475096,0
-0.011830468077225454,-0.785443971475096,-0.00913554597229578,-0.6162986097717449,0
-0.00913554597229578,-0.6162986097717449,-0.01944924115185052,-1.2636322371343882,0
-0.01944924115185052,-1.2636322371343882,0.00713716341738628,0.4050493952694319,1
0.00713716341738628,0.4050493952694319,0.0006879665358330624,0.00026896127061314535,1
0.0006879665358330624,0.00026896127061314535,-0.03333254270056703,-2.1350103217917296,0
-0.03333254270056703,-2.1350103217917296,-0.021805101984082084,-1.4114965972439597,0
-0.021805101984082084,-1.4114965972439597,-0.004978409104376628,-0.35537811122068524,0
-0.004978409104376628,-0.35537811122068524,0.016539220883578433,0.9951645633352139,1
0.016539220883578433,0.9951645633352139,0.016741307444023114,1.0078484195028092,1
0.016741307444023114,1.0078484195028092,-0.0012960309366582057,-0.12425559158722443,0
-0.0012960309366582057,-0.12425559158722443,-0.019644676583733544,-1.2758986387328,0
-0.019644676583733544,-1.2758986387328,0.015036108431161916,0.9008225046242301,1
0.015036108431161916,0.9008225046242301,0.00778668452744442,0.44581624448328444,1
0.00778668452744442,0.44581624448328444,0.003987853912364282,0.20738464853396035,1
0.003987853912364282,0.20738464853396035,0.00046812072440801034,-0.013529544899355565,1
0.00046812072440801034,-0.013529544899355565,0.004086624547212834,0.21358393523192,1
0.004086624547212834,0.21358393523192,-0.012074453893882314,-0.8007576123159281,0
-0.012074453893882314,-0.8007576123159281,0.00658280924904987,0.3702556488589139,1
0.00658280924904987,0.3702556488589139,-0.011904226464924285,-0.7900733776991771,0
-0.011904226464924285,-0.7900733776991771,0.008618238502820471,0.4980082902880785,1
0.008618238502820471,0.4980082902880785,-0.055217258975926276,-3.5085929731787737,0
-0.055217258975926276,-3.5085929731787737,-0.03218962807092939,-2.0632758890701,0
-0.03218962807092939,-2.0632758890701,0.0020505410826178946,0.08579023260610306,1
0.0020505410826178946,0.08579023260610306,-0.00874379109626213,-0.5917103220121279,0
-0.00874379109626213,-0.5917103220121279,-0.004660210509764319,-0.3354065445914518,0
-0.004660210509764319,-0.3354065445914518,0.06163924572683106,3.8258437881587306,1
0.06163924572683106,3.8258437881587306,-0.020334689413091155,-1.3192069293094182,0
-0.020334689413091155,-1.3192069293094182,0.048956138758206744,3.029795282041988,1
0.048956138758206744,3.029795282041988,-0.0472146357591488,-3.006312556204427,0
-0.0472146357591488,-3.006312556204427,-0.023897522173731103,-1.5428262446449608,0
-0.023897522173731103,-1.5428262446449608,-0.10471009644589944,-6.6149847610045835,0
-0.10471009644589944,-6.6149847610045835,0.03007331752279718,1.844624986395755,1
0.03007331752279718,1.844624986395755,-0.057440935900212216,-3.6481608801626964,0
-0.057440935900212216,-3.6481608801626964,-0.08200567790761214,-5.18995393028115,0
-0.08200567790761214,-5.18995393028115,0.08722157828475655,5.4315053714046195,1
0.08722157828475655,5.4315053714046195,-0.07608858819065495,-4.818570921260181,0
-0.07608858819065495,-4.818570921260181,0.09384908795495653,5.847477513348101,1
0.09384908795495653,5.847477513348101,-0.022540608850097718,-1.457660296988728,0
-0.022540608850097718,-1.457660296988728,-0.04620892620409976,-2.9431897274792065,0
-0.04620892620409976,-2.9431897274792065,0.010588465917653073,0.6216685727541706,1
0.010588465917653073,0.6216685727541706,-0.04760970267062721,-3.031108722118389,0
-0.04760970267062721,-3.031108722118389,0.05570207291075971,3.453200274035379,1
0.05570207291075971,3.453200274035379,0.029413885206293407,1.8032360655472168,1
0.029413885206293407,1.8032360655472168,0.06616764476300543,4.110066360495681,1
0.06616764476300543,4.110066360495681,-0.03886263039989077,-2.4821033536987787,0
-0.03886263039989077,-2.4821033536987787,0.02451710047132558,1.4958919595099864,1
0.02451710047132558,1.4958919595099864,-0.01455421651204169,-0.9563986025396372,0
-0.01455421651204169,-0.9563986025396372,-0.03842801782775719,-2.454825125292887,0
-0.03842801782775719,-2.454825125292887,0.04773943458495215,2.953429487611542,1
0.04773943458495215,2.953429487611542,-0.026208531951859317,-1.6878755520466229,0
-0.026208531951859317,-1.6878755520466229,0.05444088333631281,3.374042376908745,1
0.05444088333631281,3.374042376908745,-0.004447771095602636,-0.32207289703158526,0
-0.004447771095602636,-0.32207289703158526,0.03530095364580432,2.1727348049549158,1
0.03530095364580432,2.1727348049549158,0.02115934114379989,1.2851439698266427,1
0.02115934114379989,1.2851439698266427,-0.027438019090499803,-1.7650436625439725,0
-0.027438019090499803,-1.7650436625439725,0.033800982634899994,2.0785899171602553,1
0.033800982634899994,2.0785899171602553,-0.022839056926084896,-1.47639223275421,0
-0.022839056926084896,-1.47639223275421,0.021823676332119357,1.3268406168336229,1
0.021823676332119357,1.3268406168336229,0.010107515440815945,0.5914819702482188,1
0.010107515440815945,0.5914819702482188,-0.027786649085880463,-1.7869252399600433,0
-0.027786649085880463,-1.7869252399600433,-0.047918148840748645,-3.050468182978415,0
-0.047918148840748645,-3.050468182978415,0.019071195610598956,1.154082618978535,1
0.019071195610598956,1.154082618978535,-0.0010648454883382583,-0.10974535910031945,0
-0.0010648454883382583,-0.10974535910031945,0.008751099047288723,0.5063472121474817,1
0.008751099047288723,0.5063472121474817,0.0065789710980425605,0.37001474933932627,1
0.0065789710980425605,0.37001474933932627,-0.010547270721083562,-0.7049047675610489,0
-0.010547270721083562,-0.7049047675610489,0.04242712348445987,2.6200050888395623,1
0.04242712348445987,2.6200050888395623,-0.026517160527691375,-1.7072464615046776,0
-0.026517160527691375,-1.7072464615046776,-0.03248120807814453,-2.081576754128742,0
-0.03248120807814453,-2.081576754128742,0.004705237988091312,0.2524108809237976,1
0.004705237988091312,0.2524108809237976,0.023985847231288,1.462548130655765,1
0.023985847231288,1.462548130655765,0.019450819995829094,1.1779095428935917,1
0.019450819995829094,1.1779095428935917,0.008057819928092864,0.46283391461533485,1
0.008057819928092864,0.46283391461533485,0.015296412165741477,0.9171603309597863,1
0.015296412165741477,0.9171603309597863,0.019381866505070185,1.1735817134866529,1
0.019381866505070185,1.1735817134866529,-0.017627047907469436,-1.1492632411435801,0
-0.017627047907469436,-1.1492632411435801,0.003874827469845839,0.2002906036015099,1
0.003874827469845839,0.2002906036015099,0.018294647443959318,1.1053429836896096,1
0.018294647443959318,1.1053429836896096,-0.0006126699090942579,-0.08136479783484099,0
-0.0006126699090942579,-0.08136479783484099,0.025054349231355095,1.5296120940079894,1
0.025054349231355095,1.5296120940079894,-0.020407668230759943,-1.3237874062325505,0
-0.020407668230759943,-1.3237874062325505,-0.0031769593649885134,-0.2423110703582326,0
-0.0031769593649885134,-0.2423110703582326,-0.01181842008925649,-0.7846877858773453,0
-0.01181842008925649,-0.7846877858773453,0.05105801208652986,3.1617182506960737,1
0.05105801208652986,3.1617182506960737,0.013441776722989596,0.8007551175332899,1
0.013441776722989596,0.8007551175332899,0.0005803848165503318,-0.006483348485375415,1
0.0005803848165503318,-0.006483348485375415,0.0059004293142025915,0.32742643287240425,1
0.0059004293142025915,0.32742643287240425,0.016587887446005815,0.9982190944066612,1
0.016587887446005815,0.9982190944066612,0.019882758238471295,1.205019918422287,1
0.019882758238471295,1.205019918422287,0.004217511731725191,0.22179900019657273,1
0.004217511731725191,0.22179900019657273,0.002212601296435465,0.0959618562807735,1
0.002212601296435465,0.0959618562807735,0.0071574553832028775,0.40632300978001157,1
0.0071574553832028775,0.40632300978001157,-0.008373805545014212,-0.5684883744180338,0
-0.008373805545014212,-0.5684883744180338,-0.0009962511346241411,-0.10544007074020015,0
-0.0009962511346241411,-0.10544007074020015,-0.005775916085471236,-0.4054332154225617,0
-0.005775916085471236,-0.4054332154225617,0.00044549412496356727,-0.014949691455779703,1
0.00044549412496356727,-0.014949691455779703,-0.05469217945717855,-3.475636634678622,0
-0.05469217945717855,-3.475636634678622,0.012621434754564273,0.7492667874194363,1
0.012621434754564273,0.7492667874194363,0.009822676488691697,0.573604203949843,1
0.009822676488691697,0.573604203949843,0.005504639504403548,0.3025848946273844,1
0.005504639504403548,0.3025848946273844,0.005474417479778713,0.30068802522354365,1
0.005474417479778713,0.30068802522354365,0.003293035622730658,0.1637747457827081,1
0.003293035622730658,0.1637747457827081,0.005877763788651758,0.32600384313948416,1
0.005877763788651758,0.32600384313948416,-0.002256624845999198,-0.18454676065229775,0
-0.002256624845999198,-0.18454676065229775,0.008436021125874663,0.4865715129223228,1
0.008436021125874663,0.4865715129223228,-0.030939698066865307,-1.9848246929280846,0
-0.030939698066865307,-1.9848246929280846,0.008054405283288947,0.4626195962387886,1
0.008054405283288947,0.4626195962387886,-0.015708345423031546,-1.0288368937038146,0
-0.015708345423031546,-1.0288368937038146,0.016052072481957235,0.9645889513556692,1
0.016052072481957235,0.9645889513556692,0.01229665737479283,0.7288823068164465,1
0.01229665737479283,0.7288823068164465,-0.002946535804600093,-0.22784865736470733,0
-0.002946535804600093,-0.22784865736470733,0.006448347383632711,0.36181622093641874,1
0.006448347383632711,0.36181622093641874,0.0070790481700543926,0.40140182248339457,1
0.0070790481700543926,0.40140182248339457,-0.0011203056963967467,-0.11322628974949714,0
-0.0011203056963967467,-0.11322628974949714,0.0036923323745224174,0.18883639538855185,1
0.0036923323745224174,0.18883639538855185,0.004234902744622563,0.22289053793027297,1
0.004234902744622563,0.22289053793027297,-0.005576015453408779,-0.392886557894657,0
-0.005576015453408779,-0.392886557894657,-0.0017908671950218713,-0.15531372783233097,0
-0.0017908671950218713,-0.15531372783233097,0.015893641246025277,0.9546450985601468,1
0.015893641246025277,0.9546450985601468,0.02386118343851629,1.4547236735847757,1
0.02386118343851629,1.4547236735847757,-0.0002153186537485956,-0.05642525628528047,0
-0.0002153186537485956,-0.05642525628528047,0.016130265973049,0.9694967245003441,1
0.016130265973049,0.9694967245003441,0.008861713544086894,0.5132898725814644,1
0.008861713544086894,0.5132898725814644,0.008471499460292626,0.4887982918324744,1
0.008471499460292626,0.4887982918324744,0.0034309108815228618,0.17242841353647756,1
0.0034309108815228618,0.17242841353647756,0.0032123252798984554,0.15870900376865066,1
0.0032123252798984554,0.15870900376865066,-0.019324841124086806,-1.2558243351347311,0
-0.019324841124086806,-1.2558243351347311,0.02561571919049516,1.5648461828205933,1
0.02561571919049516,1.5648461828205933,-0.020460739687050443,-1.3271184081394183,0
-0.020460739687050443,-1.3271184081394183,0.018711516899971255,1.131507574789009,1
0.018711516899971255,1.131507574789009,-0.012122597571678958,-0.8037793248098614,0
-0.012122597571678958,-0.8037793248098614,0.0041610537665875144,0.21825544585161452,1
0.0041610537665875144,0.21825544585161452,0.0282486753357234,1.7301022838110574,1
0.0282486753357234,1.7301022838110574,-0.015868480645658524,-1.038887696323727,0
-0.015868480645658524,-1.038887696323727,0.003684382570520518,0.1883374301416854,1
0.003684382570520518,0.1883374301416854,-0.004504998400833378,-0.3256647386009039,0
-0.004504998400833378,-0.3256647386009039,0.003380650028889587,0.16927381768280783,1
0.003380650028889587,0.16927381768280783,-0.00656681403193618,-0.4550735070586503,0
-0.00656681403193618,-0.4550735070586503,-0.008684880140191668,-0.5880128069876303,0
-0.008684880140191668,-0.5880128069876303,0.013716444610825943,0.81799450235684,1
0.013716444610825943,0.81799450235684,0.011609085827637148,0.6857272420270635,1
0.011609085827637148,0.6857272420270635,-0.014275697734307721,-0.9389175186467812,0
-0.014275697734307721,-0.9389175186467812,0.0014367755564896993,0.047267563721500774,1
0.0014367755564896993,0.047267563721500774,0.003582933343127956,0.18197002299828371,1
0.003582933343127956,0.18197002299828371,0.0010213306400719106,0.021192383096887084,1
0.0010213306400719106,0.021192383096887084,-0.00183917807171711,-0.15834593447677325,0
-0.00183917807171711,-0.15834593447677325,0.005304013532149947,0.2899927115057103,1
0.005304013532149947,0.2899927115057103,-0.007146580413427835,-0.49146223759800967,0
-0.007146580413427835,-0.49146223759800967,0.007553346959485466,0.4311709353445895,1
0.007553346959485466,0.4311709353445895,0.010016833916792258,0.5857903923162481,1
0.010016833916792258,0.5857903923162481,-0.003125842629614207,-0.23910275547663892,0
-0.003125842629614207,-0.23910275547663892,0.008847884896865808,0.512421924846797,1
0.008847884896865808,0.512421924846797,0.005191671444024335,0.28294161971505827,1
0.005191671444024335,0.28294161971505827,0.0069465851875622165,0.3930878533913163,1
0.0069465851875622165,0.3930878533913163,0.02249039170288347,1.368686654733862,1
0.02249039170288347,1.368686654733862,-0.0372346649946287,-2.3799249653847383,0
-0.0372346649946287,-2.3799249653847383,-0.028503590014636874,-1.831923658464464,0
-0.028503590014636874,-1.831923658464464,-0.017710609664938804,-1.1545079506904237,0
-0.017710609664938804,-1.1545079506904237,0.028903456260131386,1.771199262492871,1
0.028903456260131386,1.771199262492871,0.006514011732348901,0.36593760908129236,1
0.006514011732348901,0.36593760908129236,0.00030429355182776894,-0.023812070806962606,1
0.00030429355182776894,-0.023812070806962606,0.00828203611601469,0.4769067251564668,1
0.00828203611601469,0.4769067251564668,0.00951010294112124,0.5539856904254663,1
0.00951010294112124,0.5539856904254663,-0.004493537698164962,-0.32494541365467344,0
-0.004493537698164962,-0.32494541365467344,-0.003207698221632092,-0.2442403784505944,0
-0.003207698221632092,-0.2442403784505944,-0.002211290733479819,-0.18170138903819283,0
-0.002211290733479819,-0.18170138903819283,-0.012657756307820194,-0.8373682800630522,0
-0.012657756307820194,-0.8373682800630522,0.00498100641694915,0.26971934062294767,1
0.00498100641694915,0.26971934062294767,-0.017491358110907598,-1.1407467427717264,0
-0.017491358110907598,-1.1407467427717264,-0.005899187345496147,-0.413170270911624,0
-0.005899187345496147,-0.413170270911624,0.013915661466485228,0.830498243020162,1
0.013915661466485228,0.830498243020162,0.0184589384383524,1.115654621128179,1
0.0184589384383524,1.115654621128179,0.00710961861724716,0.4033205604455773,1
0.00710961861724716,0.4033205604455773,0.007158523387010175,0.4063900424745579,1
0.007158523387010175,0.4063900424745579,0.002770072747009072,0.13095125726348772,1
0.002770072747009072,0.13095125726348772,-0.012026175497239104,-0.7977274442647864,0
-0.012026175497239104,-0.7977274442647864,0.030623182917152648,1.8791369972795866,1
0.030623182917152648,1.8791369972795866,-0.01455464514137906,-0.956425505233475,0
-0.01455464514137906,-0.956425505233475,0.0218976202302302,1.331481666520675,1
0.0218976202302302,1.331481666520675,0.00269185326416164,0.12604185276000462,1
0.00269185326416164,0.12604185276000462,0.015244182683468221,0.9138821751071448,1
0.015244182683468221,0.9138821751071448,-0.0031251678187866746,-0.23906040133167292,0
-0.0031251678187866746,-0.23906040133167292,-9.487442551898985e-05,-0.04886563795282062,0
-9.487442551898985e-05,-0.04886563795282062,-0.0034207617703150357,-0.25761319948384526,0
-0.0034207617703150357,-0.25761319948384526,0.0024717394428971015,0.11222652509409838,1
0.0024717394428971015,0.11222652509409838,0.013017797975912359,0.7741443155372951,1
0.013017797975912359,0.7741443155372951,-0.011404988263248294,-0.7587389558084116,0
-0.011404988263248294,-0.7587389558084116,0.0011369280945125668,0.02844779623390675,1
0.0011369280945125668,0.02844779623390675,-0.007413061606303336,-0.5081877888388473,0
-0.007413061606303336,-0.5081877888388473,0.018336948818039482,1.1079980070783189,1
0.018336948818039482,1.1079980070783189,-0.00563539097037609,-0.3966132308383343,0
-0.00563539097037609,-0.3966132308383343,-0.01461127463651037,-0.9599798255678335,0
-0.01461127463651037,-0.9599798255678335,0.013386098912087242,0.7972605291566157,1
0.013386098912087242,0.7972605291566157,-0.042182442012751224,-2.690469575125769,0
-0.042182442012751224,-2.690469575125769,0.0035348915482521625,0.17895470513203451,1
0.0035348915482521625,0.17895470513203451,0.0006859017194234497,0.0001393641598780744,1
0.0006859017194234497,0.0001393641598780744,0.030388694563894866,1.8644194597097776,1
0.030388694563894866,1.8644194597097776,0.0168657217176049,1.015657215633709,1
0.0168657217176049,1.015657215633709,0.013548825552742635,0.8074739807595689,1
0.013548825552742635,0.8074739807595689,0.016908491511181747,1.0183416391245774,1
0.016908491511181747,1.0183416391245774,0.019742247485295412,1.196200835256332,1
0.019742247485295412,1.196200835256332,-0.0003555004957864628,-0.06522369551748078,0
-0.0003555004957864628,-0.06522369551748078,-0.020656352618563103,-1.339395950408279,0
-0.020656352618563103,-1.339395950408279,-0.007194542065781716,-0.4944725253612247,0
-0.007194542065781716,-0.4944725253612247,0.00027414922228109176,-0.02570406372028311,1
0.00027414922228109176,-0.02570406372028311,0.006648134549296638,0.3743557568057845,1
0.006648134549296638,0.3743557568057845,0.0009072625960241196,0.014032962594912726,1
0.0009072625960241196,0.014032962594912726,-0.003725039857536063,-0.27671105282337527,0
-0.003725039857536063,-0.27671105282337527,-0.036239577559642744,-2.3174688284116987,0
-0.036239577559642744,-2.3174688284116987,0.025440531455615534,1.5538506172240958,1
0.025440531455615534,1.5538506172240958,0.02013092609483879,1.2205960427754323,1
0.02013092609483879,1.2205960427754323,0.01183339405671457,0.6998058294826844,1
0.01183339405671457,0.6998058294826844,0.021773536158554464,1.3236935953379037,1
0.021773536158554464,1.3236935953379037,-0.002881736551420729,-0.2237815664840169,0
-0.002881736551420729,-0.2237815664840169,-0.0022763286150037105,-0.18578345730081722,0
-0.0022763286150037105,-0.18578345730081722,0.02433130302102721,1.4842304807322546,1
0.02433130302102721,1.4842304807322546,-0.013261202703397843,-0.875243274172104,0
-0.013261202703397843,-0.875243274172104,-0.006871691585608836,-0.47420898559321073,0
-0.006871691585608836,-0.47420898559321073,-0.00867853667130863,-0.5876146625155831,0
-0.00867853667130863,-0.5876146625155831,0.013728188947358447,0.8187316294326552,1
0.013728188947358447,0.8187316294326552,-0.006534547234122334,-0.453048298546223,0
-0.006534547234122334,-0.453048298546223,0.022558327203886386,1.3729505905517534,1
0.022558327203886386,1.3729505905517534,-0.0052268710814235555,-0.37097269590283843,0
-0.0052268710814235555,-0.37097269590283843,0.0204930095151053,1.2433220172945971,1
0.0204930095151053,1.2433220172945971,-0.00278135962848947,-0.21748146196343732,0
-0.00278135962848947,-0.21748146196343732,-0.01479497681627838,-0.9715097957980361,0
-0.01479497681627838,-0.9715097957980361,0.0055524982144817756,0.305588721273071,1
0.0055524982144817756,0.305588721273071,-0.001278622069394229,-0.12316293323363992,0
-0.001278622069394229,-0.12316293323363992,0.014648273127342988,0.8764802267432545,1
0.014648273127342988,0.8764802267432545,0.002769983935374098,0.13094568304815374,1
0.002769983935374098,0.13094568304815374,-0.012822887532245229,-0.8477326540955323,0
-0.012822887532245229,-0.8477326540955323,-0.0034871056390705217,-0.26177723734487246,0
-0.0034871056390705217,-0.26177723734487246,-0.0005965798369692294,-0.08035491296119564,0
-0.0005965798369692294,-0.08035491296119564,8.520102993051202e-05,-0.03756329715781774,1
8.520102993051202e-05,-0.03756329715781774,0.004422940558998975,0.23469263197537554,1
0.004422940558998975,0.23469263197537554,-0.005105077545864805,-0.3633283890089468,0
-0.005105077545864805,-0.3633283890089468,0.0013638739718972858,0.042691934291590766,1
0.0013638739718972858,0.042691934291590766,0.009326831108783582,0.5424827307242998,1
0.009326831108783582,0.5424827307242998,0.0012651418852429363,0.03649506705066828,1
0.0012651418852429363,0.03649506705066828,0.008142762479112144,0.4681652889396166,1
0.008142762479112144,0.4681652889396166,0.02705318616563569,1.6550680378426745,1
0.02705318616563569,1.6550680378426745,0.026261330352425945,1.6053676262065621,1
0.026261330352425945,1.6053676262065621,0.007108424941511262,0.4032456400188474,1
0.007108424941511262,0.4032456400188474,0.008542008558383487,0.4932237581114958,1
0.008542008558383487,0.4932237581114958,-0.009250557486370405,-0.6235172466713484,0
-0.009250557486370405,-0.6235172466713484,7.877248320805062e-05,-0.03796678149549435,1
7.877248320805062e-05,-0.03796678149549435,-0.007509656015428331,-0.5142504858793597,0
-0.007509656015428331,-0.5142504858793597,0.0014272148529527865,0.04666749121664749,1
0.0014272148529527865,0.04666749121664749,0.008992010427152952,0.5214678875878027,1
0.008992010427152952,0.5214678875878027,0.00595008518892756,0.3305430576073779,1
0.00595008518892756,0.3305430576073779,-0.008702188174028376,-0.5890991365844407,0
-0.008702188174028376,-0.5890991365844407,-0.005289541122426388,-0.374906147906515,0
-0.005289541122426388,-0.374906147906515,-0.006751135260949579,-0.46664233158758456,0
-0.006751135260949579,-0.46664233158758456,-0.012510228742705118,-0.8281087904039789,0
-0.012510228742705118,-0.8281087904039789,-0.04219474871576901,-2.6912419988368335,0
-0.04219474871576901,-2.6912419988368335,0.022966515347890407,1.3985703036908763,1
0.022966515347890407,1.3985703036908763,-0.011500556278626239,-0.764737231787819,0
-0.011500556278626239,-0.764737231787819,0.005477222507185377,0.3008640812863219,1
0.005477222507185377,0.3008640812863219,0.019343284598909563,1.171160140536249,1
0.019343284598909563,1.171160140536249,-0.008478088596505434,-0.5750336450333684,0
-0.008478088596505434,-0.5750336450333684,0.015596109799478996,0.9359706945571022,1
0.015596109799478996,0.9359706945571022,-0.007199217258698204,-0.49476596137388196,0
-0.007199217258698204,-0.49476596137388196,0.0018654724030487577,0.07417449473805059,1
0.0018654724030487577,0.07417449473805059,-0.0013785187448624872,-0.12943289527600543,0
-0.0013785187448624872,-0.12943289527600543,0.014819890834146964,0.8872517214142723,1
0.014819890834146964,0.8872517214142723,0.014918521778296903,0.8934422404993573,1
0.014918521778296903,0.8934422404993573,0.00800195893445031,0.4593278288707805,1
0.00800195893445031,0.4593278288707805,-0.00023448918683311018,-0.0576284846630858,0
-0.00023448918683311018,-0.0576284846630858,0.016817525325069853,1.0126321945270786,1
0.016817525325069853,1.0126321945270786,-0.018929927988032936,-1.2310378208540225,0
-0.018929927988032936,-1.2310378208540225,-0.006364174290362649,-0.44235493076984767,0
-0.006364174290362649,-0.44235493076984767,-0.02692180573326521,-1.7326438039856022,0
-0.02692180573326521,-1.7326438039856022,-0.008783415602261221,-0.5941973331904001,0
-0.008783415602261221,-0.5941973331904001,0.021015957186722736,1.2761445515362555,1
0.021015957186722736,1.2761445515362555,-0.023633329032795244,-1.526244301774925,0
-0.023633329032795244,-1.526244301774925,-0.00024572043799629407,-0.05833340820685091,0
-0.00024572043799629407,-0.05833340820685091,0.019550439216033503,1.1841620906029513,1
0.019550439216033503,1.1841620906029513,-0.006770975070341662,-0.46788756673913523,0
-0.006770975070341662,-0.46788756673913523,-0.03573275764298887,-2.2856585441871315,0
-0.03573275764298887,-2.2856585441871315,-0.03679620520136433,-2.352405268177752,0
-0.03679620520136433,-2.352405268177752,0.00995120520555447,0.5816712409388727,1
0.00995120520555447,0.5816712409388727,-0.0005167303385873254,-0.07534320139412207,0
-0.0005167303385873254,-0.07534320139412207,0.03187786486057862,1.9578864463843457,1
0.03187786486057862,1.9578864463843457,0.0012508989623068322,0.03560111751968428,1
0.0012508989623068322,0.03560111751968428,0.01521825722301059,0.9122549772826101,1
0.01521825722301059,0.9122549772826101,-0.0032063116447778217,-0.24415335068711433,0
-0.0032063116447778217,-0.24415335068711433,0.021183767862026425,1.286677099887098,1
0.021183767862026425,1.286677099887098,-0.008419746240734766,-0.5713718179061934,0
-0.008419746240734766,-0.5713718179061934,-0.003910100806909551,-0.28832630550978305,0
-0.003910100806909551,-0.28832630550978305,0.0005711696685714401,-0.007061732378248715,1
0.0005711696685714401,-0.007061732378248715,0.0008154444679948991,0.00827004631320729,1
0.0008154444679948991,0.00827004631320729,0.007470584135377325,0.42597637042794323,1
0.007470584135377325,0.42597637042794323,-0.01327432844878117,-0.8760671046443941,0
-0.01327432844878117,-0.8760671046443941,-0.009389798175639846,-0.6322566149474189,0
-0.009389798175639846,-0.6322566149474189,0.008733722791659376,0.50525660064591,1
0.008733722791659376,0.50525660064591,0.030219620807815786,1.8538076347615808,1
0.030219620807815786,1.8538076347615808,-0.0017525792970147288,-0.15291060814830282,0
-0.0017525792970147288,-0.15291060814830282,-0.004635202447336032,-0.33383692676940235,0
-0.004635202447336032,-0.33383692676940235,0.018255948639481785,1.102914073678123,1
0.018255948639481785,1.102914073678123,0.004316633848744545,0.2280203474872315,1
0.004316633848744545,0.2280203474872315,0.01792897989920088,1.0823920534908473,1
0.01792897989920088,1.0823920534908473,0.007968118413925399,0.4572038464840743,1
0.007968118413925399,0.4572038464840743,-0.013058001164880595,-0.8624894369950276,0
-0.013058001164880595,-0.8624894369950276,0.010383557585212939,0.6088076095585307,1
0.010383557585212939,0.6088076095585307,0.00929177433316962,0.5402824107296957,1
0.00929177433316962,0.5402824107296957,-0.004863596260570344,-0.3481719437554809,0
-0.004863596260570344,-0.3481719437554809,0.012867244686464952,0.7646949178895381,1
0.012867244686464952,0.7646949178895381,-0.007548914770312983,-0.5167145408822262,0
-0.007548914770312983,-0.5167145408822262,0.009877535981004243,0.577047430992693,1
0.009877535981004243,0.577047430992693,0.009706662106273276,0.5663226225486371,1
0.009706662106273276,0.5663226225486371,-0.008057353525564515,-0.5486264306558516,0
-0.008057353525564515,-0.5486264306558516,-0.007820714097474977,-0.5337738820110277,0
-0.007820714097474977,-0.5337738820110277,0.010289587747398606,0.6029096423492983,1
0.010289587747398606,0.6029096423492983,0.0052168619333878745,0.2845226874672898,1
0.0052168619333878745,0.2845226874672898,0.015855160236857367,0.9522298583561685,1
0.015855160236857367,0.9522298583561685,0.004817202867506366,0.25943829740907876,1
0.004817202867506366,0.25943829740907876,-0.006281524089277765,-0.43716743457773705,0
-0.006281524089277765,-0.43716743457773705,-0.012385831321342316,-0.8203010519936977,0
-0.012385831321342316,-0.8203010519936977,-0.004833689743420978,-0.3462948770115985,0
-0.004833689743420978,-0.3462948770115985,-0.003808918452514799,-0.2819756485090519,0
-0.003808918452514799,-0.2819756485090519,-0.003372914378232517,-0.25461008320617795,0
-0.003372914378232517,-0.25461008320617795,-0.017343072254653417,-1.131439659370049,0
-0.017343072254653417,-1.131439659370049,0.018693557734739404,1.1303803772742924,1
0.018693557734739404,1.1303803772742924,-0.007299586619430624,-0.5010655912570479,0
-0.007299586619430624,-0.5010655912570479,0.011265609710638638,0.6641691450639263,1
0.011265609710638638,0.6641691450639263,-0.015276655322348048,-1.0017420926740195,0
-0.015276655322348048,-1.0017420926740195,-0.0034182642552615904,-0.2574564442714026,0
-0.0034182642552615904,-0.2574564442714026,-0.0213804868508673,-1.3848458528083591,0
-0.0213804868508673,-1.3848458528083591,0.010670516950343,0.6268184624586203,1
0.010670516950343,0.6268184624586203,0.00865334213809661,0.5002115514046146,1
0.00865334213809661,0.5002115514046146,-0.007961408568020273,-0.5426044961005829,0
-0.007961408568020273,-0.5426044961005829,-0.010507711662581729,-0.7024218641603543,0
-0.010507711662581729,-0.7024218641603543,0.011276043758630174,0.6648240325719289,1
0.011276043758630174,0.6648240325719289,0.0147890115615511,0.8853136001888724,1
0.0147890115615511,0.8853136001888724,0.0011344993238355102,0.028295355725918136,1
0.0011344993238355102,0.028295355725918136,0.007830135537604237,0.44854342417297355,1
0.007830135537604237,0.44854342417297355,-0.000825303821656428,-0.09471065298402556,0
-0.000825303821656428,-0.09471065298402556,0.00045022934174121667,-0.014652488077198123,1
0.00045022934174121667,-0.014652488077198123,0.03138757983221301,1.9271139656848328,1
0.03138757983221301,1.9271139656848328,0.004280570983502769,0.22575688080883607,1
0.004280570983502769,0.22575688080883607,-0.006755613012615063,-0.46692337530446626,0
-0.006755613012615063,-0.46692337530446626,-0.004602335728542358,-0.33177406453372255,0
-0.004602335728542358,-0.33177406453372255,-0.0014656132559882741,-0.13489933623910413,0
-0.0014656132559882741,-0.13489933623910413,0.011156996474687117,0.657352092709357,1
0.011156996474687117,0.657352092709357,-0.0018145532910256849,-0.15680037313038123,0
-0.0018145532910256849,-0.15680037313038123,0.007959565378761291,0.45666701975210755,1
0.007959565378761291,0.45666701975210755,0.009896845400458073,0.5782593765000696,1
0.009896845400458073,0.5782593765000696,0.02069350758762505,1.2559061728570684,1
0.02069350758762505,1.2559061728570684,0.0032799584637978833,0.16295396481331006,1
0.0032799584637978833,0.16295396481331006,0.005973903677598531,0.3320380124612154,1
0.005973903677598531,0.3320380124612154,0.0015916112277301196,0.05698574279934299,1
0.0015916112277301196,0.05698574279934299,-0.007147588181399013,-0.4915254896221353,0
-0.007147588181399013,-0.4915254896221353,0.022926217686174838,1.3960410422498089,1
0.022926217686174838,1.3960410422498089,-0.013085540810004053,-0.8642179482670485,0
-0.013085540810004053,-0.8642179482670485,0.009608262539564767,0.5601466257463851,1
0.009608262539564767,0.5601466257463851,0.0015015100711253822,0.05133059132171009,1
0.0015015100711253822,0.05133059132171009,0.004151505529156738,0.2176561557753248,1
0.004151505529156738,0.2176561557753248,-0.003878793043888696,-0.2863612903093071,0
-0.003878793043888696,-0.2863612903093071,0.004150375862023112,0.2175852528146893,1
0.004150375862023112,0.2175852528146893,0.0044036107562543374,0.23347940712152343,1
0.0044036107562543374,0.23347940712152343,0.005931168643000203,0.3293557705992644,1
0.005931168643000203,0.3293557705992644,-0.006742659328972675,-0.4661103441964151,0
-0.006742659328972675,-0.4661103441964151,-0.0001353469087351273,-0.05140587197298167,0
-0.0001353469087351273,-0.05140587197298167,0.006945269386345585,0.3930052678233291,1
0.006945269386345585,0.3930052678233291,0.0010744688856468365,0.024527576997894807,1
0.0010744688856468365,0.024527576997894807,0.00341749763740648,0.17158653835814472,1
0.00341749763740648,0.17158653835814472,-0.004424810423390738,-0.3206317825744626,0
-0.004424810423390738,-0.3206317825744626,0.008030538678466698,0.4611216214001446,1
0.008030538678466698,0.4611216214001446,-0.003472022477807331,-0.260830550699338,0
-0.003472022477807331,-0.260830550699338,-0.0016064682172047327,-0.14374002344081868,0
-0.0016064682172047327,-0.14374002344081868,-0.0042967462545804936,-0.31259390269844556,0
-0.0042967462545804936,-0.31259390269844556,0.002217829587431238,0.09629000720207571,1
0.002217829587431238,0.09629000720207571,-0.00020151088152672525,-0.05555861875890688,0
-0.00020151088152672525,-0.05555861875890688,-0.009105933681419029,-0.6144400099843704,0
-0.009105933681419029,-0.6144400099843704,0.01158731094816411,0.6843605532245275,1
0.01158731094816411,0.6843605532245275,-0.0023470663147655653,-0.19022327164290717,0
-0.0023470663147655653,-0.19022327164290717,0.009022658392552152,0.5233914909392453,1
0.009022658392552152,0.5233914909392453,0.01328458453484869,0.7908890329175609,1
0.01328458453484869,0.7908890329175609,-0.013617328182903453,-0.8975953016880636,0
-0.013617328182903453,-0.8975953016880636,-0.001998688572135094,-0.16835752673739132,0
-0.001998688572135094,-0.16835752673739132,0.010019723170152513,0.5859717347764918,1
0.010019723170152513,0.5859717347764918,0.007957109261970406,0.4565128628797363,1
0.007957109261970406,0.4565128628797363,0.0036613154321136197,0.18688963339009884,1
0.0036613154321136197,0.18688963339009884,-0.0010446517549845256,-0.10847791009835756,0
-0.0010446517549845256,-0.10847791009835756,0.005147721045282936,0.2801830961649632,1
0.005147721045282936,0.2801830961649632,0.0026612397208282783,0.12412040989133297,1
0.0026612397208282783,0.12412040989133297,0.004978763119813288,0.2695785412637531,1
0.004978763119813288,0.2695785412637531,0.004247954401351415,0.2237097182673192,1
0.004247954401351415,0.2237097182673192,0.005380466247833783,0.29479122580187156,1
0.005380466247833783,0.29479122580187156,-0.00012770084875050018,-0.050925971058836686,0
-0.00012770084875050018,-0.050925971058836686,0.0,-0.042910894774362045,0
0.0,-0.042910894774362045,0.010360086519657575,0.6073344605329382,1
0.010360086519657575,0.6073344605329382,0.0068057598778738645,0.38424902725209314,1
0.0068057598778738645,0.38424902725209314,0.01767871482540237,1.0666842983939817,1
0.01767871482540237,1.0666842983939817,-0.007183160631924934,-0.4937581756800645,0
-0.007183160631924934,-0.4937581756800645,0.013027693644710191,0.7747654119597276,1
0.013027693644710191,0.7747654119597276,0.02812483215461817,1.7223293319976376,1
0.02812483215461817,1.7223293319976376,0.0027397677035933504,0.12904917722911072,1
0.0027397677035933504,0.12904917722911072,0.011060918317538169,0.6513217979512923,1
0.011060918317538169,0.6513217979512923,0.003347375542184473,0.16718536210966364,1
0.003347375542184473,0.16718536210966364,0.015878401738795622,0.953688598942653,1
0.015878401738795622,0.953688598942653,0.0016719614529003548,0.06202888221866206,1
0.0016719614529003548,0.06202888221866206,0.0012665587448378512,0.036583995494361095,1
0.0012665587448378512,0.036583995494361095,0.016660385497650823,1.0027693963043864,1
0.016660385497650823,1.0027693963043864,-0.007155024946824111,-0.49199225427385945,0
-0.007155024946824111,-0.49199225427385945,-0.00011401044447159134,-0.05006670006937646,0
-0.00011401044447159134,-0.05006670006937646,0.014541842895343066,0.8698001894780334,1
0.014541842895343066,0.8698001894780334,0.007052895153073773,0.3997603421939536,1
0.007052895153073773,0.3997603421939536,-0.008739537747356684,-0.5914433628158877,0
-0.008739537747356684,-0.5914433628158877,0.005666978361337815,0.312774007190017,1
0.005666978361337815,0.312774007190017,-0.008427963337556976,-0.5718875596456676,0
-0.008427963337556976,-0.5718875596456676,0.0,-0.042910894774362045,0
0.0,-0.042910894774362045,-0.029488804359983745,-1.8937601161840372,0
-0.029488804359983745,-1.8937601161840372,0.0019738545618519505,0.08097704365752466,1
0.0019738545618519505,0.08097704365752466,0.007914284982529269,0.4538250196123905,1
0.007914284982529269,0.4538250196123905,-0.002938858936578359,-0.22736682280039477,0
-0.002938858936578359,-0.22736682280039477,0.0038016499895345496,0.19569765772261005,1
0.0038016499895345496,0.19569765772261005,-0.015060561034979358,-0.9881790489288428,0
-0.015060561034979358,-0.9881790489288428,0.0005835002433585318,-0.006287810368199645,1
0.0005835002433585318,-0.006287810368199645,0.005815998631029545,0.3221271856629793,1
0.005815998631029545,0.3221271856629793,0.0019118908789353837,0.07708792584583636,1
0.0019118908789353837,0.07708792584583636,-0.0021439320895040993,-0.1774736593467561,0
-0.0021439320895040993,-0.1774736593467561,-0.03554296462327556,-2.2737462856066495,0
-0.03554296462327556,-2.2737462856066495,-0.03972577653401531,-2.536278264651596,0
-0.03972577653401531,-2.536278264651596,0.0006252335647486342,-0.003668440506377502,1
0.0006252335647486342,-0.003668440506377502,-0.01555790666496939,-1.0193946845579254,0
-0.01555790666496939,-1.0193946845579254,-0.009823970723233356,-0.6595072254455974,0
-0.009823970723233356,-0.6595072254455974,-0.023545792229237972,-1.520750100561107,0
-0.023545792229237972,-1.520750100561107,0.004387827009670878,0.23248874860860774,1
0.004387827009670878,0.23248874860860774,0.004043276226936801,0.21086320081851714,1
0.004043276226936801,0.21086320081851714,0.01081030316614216,0.6355920704190287,1
0.01081030316614216,0.6355920704190287,-0.018519688629134667,-1.2052893642960882,0
-0.018519688629134667,-1.2052893642960882,-0.01619921636923572,-1.059646149226819,0
-0.01619921636923572,-1.059646149226819,-0.01389428880150086,-0.9149785885461692,0
-0.01389428880150086,-0.9149785885461692,0.015226536164703557,0.9127746006827137,1
0.015226536164703557,0.9127746006827137,0.01565366752000743,0.9395832744679625,1
0.01565366752000743,0.9395832744679625,0.0044465379822296765,0.2361737117736832,1
0.0044465379822296765,0.2361737117736832,0.009803646069409732,0.5724097697408074,1
0.009803646069409732,0.5724097697408074,0.005412360856658519,0.2967930740690917,1
0.005412360856658519,0.2967930740690917,0.012579593583496947,0.7466406484296196,1
0.012579593583496947,0.7466406484296196,-0.0041331181401401155,-0.30232387056978877,0
-0.0041331181401401155,-0.30232387056978877,0.006541567052811742,0.36766710420770554,1
0.006541567052811742,0.36766710420770554,0.002339447306707267,0.10392327907989772,1
0.002339447306707267,0.10392327907989772,-0.0009477389712822457,-0.10239523044575641,0
-0.0009477389712822457,-0.10239523044575641,-0.018695762046753894,-1.216340519301671,0
-0.018695762046753894,-1.216340519301671,0.0032152301999835045,0.15889132954259647,1
0.0032152301999835045,0.15889132954259647,0.011045673268838598,0.6503649505263678,1
0.011045673268838598,0.6503649505263678,-0.00273411666362471,-0.21451628224066493,0
-0.00273411666362471,-0.21451628224066493,0.005017371268243629,0.2720017612963473,1
0.005017371268243629,0.2720017612963473,0.002214782372494448,0.09609875036696038,1
0.002214782372494448,0.09609875036696038,-0.0034826887675878443,-0.2615000147404906,0
-0.0034826887675878443,-0.2615000147404906,-0.007896559175786516,-0.538534258268641,0
-0.007896559175786516,-0.538534258268641,0.028550851787979396,1.7490682291426791,1
0.028550851787979396,1.7490682291426791,-0.007046045567566972,-0.4851522211282126,0
-0.007046045567566972,-0.4851522211282126,-0.003321942228028148,-0.251410843136365,0
-0.003321942228028148,-0.251410843136365,-0.003081119835477,-0.23629575293772148,0
-0.003081119835477,-0.23629575293772148,0.013076243558463983,0.7778126216388237,1
0.013076243558463983,0.7778126216388237,-0.01945712588484399,-1.2641271182337992,0
-0.01945712588484399,-1.2641271182337992,0.02262214233568682,1.3769559135741838,1
0.02262214233568682,1.3769559135741838,0.0009289561866216024,0.01539454934413396,1
0.0009289561866216024,0.01539454934413396,0.0038307762745430937,0.19752575360851085,1
0.0038307762745430937,0.19752575360851085,0.013110518890470995,0.7799638947384148,1
0.013110518890470995,0.7799638947384148,-0.00929445521772653,-0.6262724645808404,0
-0.00929445521772653,-0.6262724645808404,-0.05039484244418271,-3.2059165481148026,0
-0.05039484244418271,-3.2059165481148026,-0.011762914240424393,-0.7812039906091323,0
-0.011762914240424393,-0.7812039906091323,-0.005900842399354881,-0.4132741494924045,0
-0.005900842399354881,-0.4132741494924045,0.008838257280399392,0.5118176525872856,1
0.008838257280399392,0.5118176525872856,-0.016561921269852214,-1.0824111306317103,0
-0.016561921269852214,-1.0824111306317103,-0.017987093057869292,-1.1718612847317493,0
-0.017987093057869292,-1.1718612847317493,0.018583413568843455,1.1234672369108272,1
0.018583413568843455,1.1234672369108272,-0.011055011506379168,-0.7367728496192537,0
-0.011055011506379168,-0.7367728496192537,0.014228959266998355,0.850162213897732,1
0.014228959266998355,0.850162213897732,0.01526548331594579,0.9152190980476401,1
0.01526548331594579,0.9152190980476401,0.016188122374455438,0.9731280509586654,1
0.016188122374455438,0.9731280509586654,-0.01093537822618931,-0.7292641300119387,0
-0.01093537822618931,-0.7292641300119387,0.010615430352409395,0.6233609812514854,1
0.010615430352409395,0.6233609812514854,0.00019196148175093416,-0.030862533820077497,1
0.00019196148175093416,-0.030862533820077497,-0.028622445383600068,-1.839383552884748,0
-0.028622445383600068,-1.839383552884748,0.01587278274892581,0.9533359260129982,1
0.01587278274892581,0.9533359260129982,-0.02300907445069799,-1.4870632928356817,0
-0.02300907445069799,-1.4870632928356817,0.004102944771629089,0.2146082654924933,1
0.004102944771629089,0.2146082654924933,-0.006626051357295451,-0.45879150647908046,0
-0.006626051357295451,-0.45879150647908046,0.02326150279810139,1.4170850351083872,1
0.02326150279810139,1.4170850351083872,0.018150668951075255,1.0963062496735019,1
0.018150668951075255,1.0963062496735019,0.006484886776690256,0.36410959663133546,1
0.006484886776690256,0.36410959663133546,0.005939250516340171,0.3298630251083387,1
0.005939250516340171,0.3298630251083387,0.0027679130980056547,0.13081570803511963,1
0.0027679130980056547,0.13081570803511963,0.009192456203716481,0.5340487608222192,1
0.009192456203716481,0.5340487608222192,0.0014307282458066385,0.04688800746236149,1
0.0014307282458066385,0.04688800746236149,-0.0076748948848574675,-0.524621616193634,0
-0.0076748948848574675,-0.524621616193634,-0.02005570194724053,-1.3016964284546126,0
-0.02005570194724053,-1.3016964284546126,-0.03439083884290329,-2.20143371987707,0
-0.03439083884290329,-2.20143371987707,-0.017279166782930063,-1.1274286662100994,0
-0.017279166782930063,-1.1274286662100994,0.0034931448359835394,0.17633449479879884,1
0.0034931448359835394,0.17633449479879884,-0.026983669772171422,-1.7365266676936406,0
-0.026983669772171422,-1.7365266676936406,6.895915203167217e-05,-0.03858271004063003,1
6.895915203167217e-05,-0.03858271004063003,0.01014399179624687,0.5937713894198148,1
0.01014399179624687,0.5937713894198148,0.019382644115516098,1.173630519795339,1
0.019382644115516098,1.173630519795339,-0.02945778662455978,-1.8918133044124061,0
-0.02945778662455978,-1.8918133044124061,-0.0033811003998398545,-0.2551238745262134,0
-0.0033811003998398545,-0.2551238745262134,-0.029530404927369067,-1.8963711538109072,0
-0.029530404927369067,-1.8963711538109072,-0.0002848597085207883,-0.06078996383699727,0
-0.0002848597085207883,-0.06078996383699727,-0.006787900648333419,-0.46894989169695767,0
-0.006787900648333419,-0.46894989169695767,-0.014224589388624453,-0.9357097303397118,0
-0.014224589388624453,-0.9357097303397118,0.004426235382358691,0.23489942982229975,1
0.004426235382358691,0.23489942982229975,-0.02603827298955221,-1.6771893382558816,0
-0.02603827298955221,-1.6771893382558816,-0.007908223922491986,-0.5392663899310239,0
-0.007908223922491986,-0.5392663899310239,-0.010692859546366467,-0.7140425732391412,0
-0.010692859546366467,-0.7140425732391412,0.03693528763357309,2.27531291398432,1
