inp_z_score,out_z_score
0.029394052427413685,-0.6685325343662778
-0.6685325343662778,-0.3414435484839681
-0.3414435484839681,0.37319195735307215
0.37319195735307215,1.5947332427336482
1.5947332427336482,-0.17611519766094635
-0.17611519766094635,0.25007557288461557
0.25007557288461557,-0.30238408301529673
-0.30238408301529673,-0.20099607670170308
-0.20099607670170308,0.5179445933421034
0.5179445933421034,-0.5832203405518209
-0.5832203405518209,-0.19779473712686074
-0.19779473712686074,-1.129869534077244
-1.129869534077244,0.9752446521870745
0.9752446521870745,-1.8145248793050004
-1.8145248793050004,-0.6144288993880381
-0.6144288993880381,0.1410244270158351
0.1410244270158351,-0.10522938093117898
-0.10522938093117898,0.621708284307459
0.621708284307459,0.19080553637178216
0.19080553637178216,1.647937412111449
1.647937412111449,-0.22736201737110662
-0.22736201737110662,-0.5258106544831184
-0.5258106544831184,2.666228913079137
2.666228913079137,1.2843663547800592
1.2843663547800592,-0.4228950855922586
-0.4228950855922586,0.20622509037067766
0.20622509037067766,0.09172340389524161
0.09172340389524161,0.25676270845787375
0.25676270845787375,-0.11143649768386014
-0.11143649768386014,0.3034386805674828
0.3034386805674828,1.1667169679185194
1.1667169679185194,-0.11760702454788455
-0.11760702454788455,-0.37794119614626026
-0.37794119614626026,0.45130342542190727
0.45130342542190727,0.4761159233897962
0.4761159233897962,0.6226502102663813
0.6226502102663813,-0.8651578120163633
-0.8651578120163633,0.20199941154368567
0.20199941154368567,-0.4971587489320452
-0.4971587489320452,0.13385862256517886
0.13385862256517886,0.40467255084088405
0.40467255084088405,0.5599162187071755
0.5599162187071755,0.2659874600331626
0.2659874600331626,-0.8734013191265573
-0.8734013191265573,0.6638007511401143
0.6638007511401143,-0.20367306622498293
-0.20367306622498293,0.22252978569668536
0.22252978569668536,-0.33348324323148326
-0.33348324323148326,0.13627859108068152
0.13627859108068152,0.2856511701422788
0.2856511701422788,-0.5984701560719726
-0.5984701560719726,-0.20146563312853183
-0.20146563312853183,2.0224419419428137
2.0224419419428137,0.6306803825459092
0.6306803825459092,-0.13095486536978898
-0.13095486536978898,-0.08491586423908767
-0.08491586423908767,1.3722782066412116
1.3722782066412116,-0.22088807742368324
-0.22088807742368324,0.5779068326834431
0.5779068326834431,-0.12178580354041567
-0.12178580354041567,-0.1647500187709311
-0.1647500187709311,-0.677031713290699
-0.677031713290699,0.28235302210985325
0.28235302210985325,0.49454970586811337
0.49454970586811337,0.17611765026631093
0.17611765026631093,-0.010377111501476863
-0.010377111501476863,0.007600026819767098
0.007600026819767098,0.00089566538705709
0.00089566538705709,-0.19300207712363768
-0.19300207712363768,0.2407329454046898
0.2407329454046898,-1.2519090125591825
-1.2519090125591825,-0.07604796947487588
-0.07604796947487588,0.5901800078291504
0.5901800078291504,-0.08709535817162574
-0.08709535817162574,0.41675469393078907
0.41675469393078907,-2.295827557087155
-2.295827557087155,-0.2640485450941953
-0.2640485450941953,0.2324156098192402
0.2324156098192402,-0.158738032587741
-0.158738032587741,-0.0075744601163635905
-0.0075744601163635905,-0.08956395084120444
-0.08956395084120444,0.05426411178181581
0.05426411178181581,-0.8821234664383254
-0.8821234664383254,0.9483050238066244
0.9483050238066244,-0.13814749415492314
-0.13814749415492314,-0.3860861552849216
-0.3860861552849216,-0.12831115866231707
-0.12831115866231707,0.4771641807652944
0.4771641807652944,0.29252158673508416
0.29252158673508416,-0.4370009864426658
-0.4370009864426658,-0.18727943805241792
-0.18727943805241792,0.3229802941535652
0.3229802941535652,-0.30136488867971706
-0.30136488867971706,0.04080908009598966
0.04080908009598966,0.20845753279251825
0.20845753279251825,0.15535211046374406
0.15535211046374406,-0.6491941643390895
-0.6491941643390895,0.4560419154621207
0.4560419154621207,-1.209477857604185
-1.209477857604185,-0.11908697101083744
-0.11908697101083744,-0.15451883767664779
-0.15451883767664779,-1.2888839925551754
-1.2888839925551754,0.7790359551987902
0.7790359551987902,0.4000029851361444
0.4000029851361444,-0.14017847176891052
-0.14017847176891052,-0.314373386957117
-0.314373386957117,-0.8329532569628759
-0.8329532569628759,1.0087905865848177
1.0087905865848177,0.18419092391197336
0.18419092391197336,0.4298473847672797
0.4298473847672797,-0.1798301339580883
-0.1798301339580883,0.17813187911501246
0.17813187911501246,0.4371866632295682
0.4371866632295682,0.9411277221538338
0.9411277221538338,-0.3106523283449905
-0.3106523283449905,-0.11592383317470342
-0.11592383317470342,-0.27532395579040897
-0.27532395579040897,-0.5548668220351873
-0.5548668220351873,0.17074847059413698
0.17074847059413698,-0.3659871954895117
-0.3659871954895117,-0.36157227495926164
-0.36157227495926164,0.21120790996066122
0.21120790996066122,1.506942299106837
1.506942299106837,-0.5154214056362367
-0.5154214056362367,0.2647728882924518
0.2647728882924518,-0.12547601313452025
-0.12547601313452025,-0.6313050900741667
-0.6313050900741667,0.9079910706861924
0.9079910706861924,0.40014195798200913
0.40014195798200913,0.38086987506795567
0.38086987506795567,-0.17955033189287875
-0.17955033189287875,0.4356590275616964
0.4356590275616964,0.26746394506114585
0.26746394506114585,0.30910177631758956
0.30910177631758956,0.6987819576568343
0.6987819576568343,-0.21774034679551246
-0.21774034679551246,0.6289659884546015
0.6289659884546015,0.43906289295086237
0.43906289295086237,1.672176209215493
1.672176209215493,0.7729476136593254
0.7729476136593254,1.0676414110847496
1.0676414110847496,-0.040431960610687184
-0.040431960610687184,0.27317132919066
0.27317132919066,-0.09561737818536736
-0.09561737818536736,-0.13422120535145454
-0.13422120535145454,0.2548511716146464
0.2548511716146464,-0.09166556392122482
-0.09166556392122482,0.00325937987139207
0.00325937987139207,0.37876582505455153
0.37876582505455153,-0.40779340450643425
-0.40779340450643425,0.06790505579784258
0.06790505579784258,-0.1545015207032637
-0.1545015207032637,-0.1079060434779214
-0.1079060434779214,0.15131018304857602
0.15131018304857602,-0.4517661511799053
-0.4517661511799053,-0.05204135151299887
-0.05204135151299887,0.25292243478199644
0.25292243478199644,0.07391606364077334
0.07391606364077334,0.5536838800747683
0.5536838800747683,0.96916124253514
0.96916124253514,0.8256372320808855
0.8256372320808855,0.01888013814601553
0.01888013814601553,0.061270793898634164
0.061270793898634164,-0.5655977005592541
-0.5655977005592541,-0.0880378780408048
-0.0880378780408048,-0.48610625557079157
-0.48610625557079157,0.4575960893134055
0.4575960893134055,-0.07535468834012965
-0.07535468834012965,-0.12155426756598157
-0.12155426756598157,-0.6935464648454093
-0.6935464648454093,1.0057512016638026
1.0057512016638026,0.6241210751105736
0.6241210751105736,0.05840287144787873
0.05840287144787873,0.5365814315100689
0.5365814315100689,0.17247745558416122
0.17247745558416122,-0.2659098025328015
-0.2659098025328015,-0.04495966863236827
-0.04495966863236827,0.5053202532017048
0.5053202532017048,0.9699965660745589
0.9699965660745589,-0.19897864944891366
-0.19897864944891366,0.6292954865264134
0.6292954865264134,-0.4085761412727586
-0.4085761412727586,-0.2972235261341184
-0.2972235261341184,0.19453816166093127
0.19453816166093127,0.4885100574458572
0.4885100574458572,0.9179291388065431
0.9179291388065431,0.7364847148684552
0.7364847148684552,0.5947403621460593
0.5947403621460593,0.1395871575104386
0.1395871575104386,-0.7889767977199242
-0.7889767977199242,0.4420933534177999
0.4420933534177999,-0.6632113102826054
-0.6632113102826054,0.30980053618793885
0.30980053618793885,0.1659570683621632
0.1659570683621632,-0.07252229632403985
-0.07252229632403985,0.11468188543677352
0.11468188543677352,-0.47866454926010515
-0.47866454926010515,-0.06471852272162329
-0.06471852272162329,0.7090029675158085
0.7090029675158085,0.19587067246963924
0.19587067246963924,-0.6515107544912327
-0.6515107544912327,-0.08661909216271832
-0.08661909216271832,2.279835216393577
2.279835216393577,0.37099315962171586
0.37099315962171586,-0.1951839183946495
-0.1951839183946495,0.06759084984391361
0.06759084984391361,0.035133689190511304
0.035133689190511304,-0.023052881070543124
-0.023052881070543124,0.09856703174418559
0.09856703174418559,-0.6848707013061519
-0.6848707013061519,0.5180981766272852
0.5180981766272852,0.022338386457534287
0.022338386457534287,0.6345990900368609
0.6345990900368609,-0.29180769566949466
-0.29180769566949466,0.18684283125027001
0.18684283125027001,0.805560030076459
0.805560030076459,0.8357959364285742
0.8357959364285742,0.10609300353381344
0.10609300353381344,0.7267435724483177
0.7267435724483177,0.5709522384787801
0.5709522384787801,0.8604302519171898
0.8604302519171898,0.30614461653422986
0.30614461653422986,2.3181593114208154
2.3181593114208154,-0.13188680885400422
-0.13188680885400422,-1.5353070619800586
-1.5353070619800586,0.7277068012458375
0.7277068012458375,-0.2856536479011552
-0.2856536479011552,0.45398977190975
0.45398977190975,0.5868749794500258
0.5868749794500258,-0.18653361714467073
-0.18653361714467073,2.668324059286043
2.668324059286043,-0.24880396688456388
-0.24880396688456388,0.09098914350879192
0.09098914350879192,0.47980019537931057
0.47980019537931057,-0.34605597419497813
-0.34605597419497813,-0.49819695158367133
-0.49819695158367133,-0.09614997601968361
-0.09614997601968361,-0.13169307432602334
-0.13169307432602334,0.05378343165248503
0.05378343165248503,-0.8673974184831714
-0.8673974184831714,-0.5406745523623231
-0.5406745523623231,-0.05581635518309637
-0.05581635518309637,-0.25087562204053965
-0.25087562204053965,-0.0857586319982985
-0.0857586319982985,-0.7076064939910932
-0.7076064939910932,0.1361120990060914
0.1361120990060914,0.2962337270575693
0.2962337270575693,0.018699497536025275
0.018699497536025275,0.11723777005517329
0.11723777005517329,-0.034283419710395065
-0.034283419710395065,-1.2784632712081692
-1.2784632712081692,-2.444437049408794
-2.444437049408794,0.5637734157679353
0.5637734157679353,0.9904338500388024
0.9904338500388024,-1.1923338828919583
-1.1923338828919583,0.07068287650237291
0.07068287650237291,0.520412441721937
0.520412441721937,-0.6858203483608163
-0.6858203483608163,-0.8777942991935359
-0.8777942991935359,0.04435092186866829
0.04435092186866829,0.35137999347210097
0.35137999347210097,0.2430307724991509
0.2430307724991509,-0.22455132475259199
-0.22455132475259199,-0.11183112238565426
-0.11183112238565426,0.496876932575305
0.496876932575305,-0.5572844420817584
-0.5572844420817584,0.17459019207617574
0.17459019207617574,0.9825874707470245
0.9825874707470245,-2.4600340222697477
-2.4600340222697477,-0.016120609622904597
-0.016120609622904597,0.08529442669084346
0.08529442669084346,0.48993092814145345
0.48993092814145345,0.21945152862649342
0.21945152862649342,0.12752474324081092
0.12752474324081092,-0.9468078208994556
-0.9468078208994556,0.5666267667505117
0.5666267667505117,0.6786050005909495
0.6786050005909495,0.8681121184013972
0.8681121184013972,0.7461985010402086
0.7461985010402086,0.6184526706401369
0.6184526706401369,0.2344515121069113
0.2344515121069113,-0.38142131889928366
-0.38142131889928366,0.027673981050475173
0.027673981050475173,1.4600561426239593
1.4600561426239593,-0.3719891920305828
-0.3719891920305828,0.25180760870224245
0.25180760870224245,0.13263553164194228
0.13263553164194228,1.037714395176537
1.037714395176537,-0.7341290382911033
-0.7341290382911033,0.5975930690684526
0.5975930690684526,-0.22772839388271518
-0.22772839388271518,0.34131142267806014
0.34131142267806014,0.09562041390520616
0.09562041390520616,-0.9821833159695896
-0.9821833159695896,0.22923063316000367
0.22923063316000367,-0.47007803002285375
-0.47007803002285375,0.11854189032909711
0.11854189032909711,-0.4641791305843298
-0.4641791305843298,-0.25950788259042934
-0.25950788259042934,1.0394525887658261
1.0394525887658261,0.23513967683787507
0.23513967683787507,-0.2846794822260038
-0.2846794822260038,-1.4724830648699143
-1.4724830648699143,0.016250411251729616
0.016250411251729616,0.8821559327139484
0.8821559327139484,0.2525754427681656
0.2525754427681656,0.46880770704553976
0.46880770704553976,-1.1828284175207522
-1.1828284175207522,-0.27797686849320297
-0.27797686849320297,0.1799856084209265
0.1799856084209265,-1.1303046252307667
-1.1303046252307667,0.5082076804743858
0.5082076804743858,0.3188148355670112
0.3188148355670112,0.11638907515076571
0.11638907515076571,0.17035901316139687
0.17035901316139687,0.7141865353406449
0.7141865353406449,-0.14230518049613544
-0.14230518049613544,-0.49478309231666684
-0.49478309231666684,-1.0288550924554818
-1.0288550924554818,-0.1624963741944686
-0.1624963741944686,-0.1627135128110862
-0.1627135128110862,-0.4670136765882215
-0.4670136765882215,0.4347662542344401
0.4347662542344401,-0.5531598223860376
-0.5531598223860376,0.16512996904068586
0.16512996904068586,-0.08688145183580724
-0.08688145183580724,-0.11684084085705158
-0.11684084085705158,0.6052410864959383
0.6052410864959383,-0.44661261005169534
-0.44661261005169534,-0.050604323543484264
-0.050604323543484264,0.6268136355886526
0.6268136355886526,-1.1660895896453725
-1.1660895896453725,0.8760948166075296
0.8760948166075296,-0.00569706345208769
-0.00569706345208769,-1.0300467514676908
-1.0300467514676908,-0.3864436942971806
-0.3864436942971806,0.40298135604553187
0.40298135604553187,-0.6659272578222103
-0.6659272578222103,0.10702197760879806
0.10702197760879806,0.025953323963230406
0.025953323963230406,0.1323322708835291
0.1323322708835291,0.40012728505127065
0.40012728505127065,-0.39945964256923916
-0.39945964256923916,-0.9099340790461047
-0.9099340790461047,0.10821244540157586
0.10821244540157586,-0.4697331528840546
-0.4697331528840546,-0.35063624607539967
-0.35063624607539967,0.26369532862551287
0.26369532862551287,0.11898936372230144
0.11898936372230144,-0.6865055595700422
-0.6865055595700422,0.4500946916905695
0.4500946916905695,-0.3865609840685204
-0.3865609840685204,0.5669360875007042
0.5669360875007042,-0.21153645417090533
-0.21153645417090533,-0.3356647942751753
-0.3356647942751753,-0.35471811778216916
-0.35471811778216916,-0.20345178153848345
-0.20345178153848345,-0.14734327136469913
-0.14734327136469913,-0.2795879075579229
-0.2795879075579229,0.35948067380476195
0.35948067380476195,0.4663256534659977
0.4663256534659977,-0.5301362318295605
-0.5301362318295605,1.514470252820554
1.514470252820554,-0.15782722662451878
-0.15782722662451878,0.15353518214568201
0.15353518214568201,-0.7759382236622783
-0.7759382236622783,0.7140341746662265
0.7140341746662265,0.39548491097788196
0.39548491097788196,-0.12106635019624143
-0.12106635019624143,0.024069633674435986
0.024069633674435986,0.2053641138733994
0.2053641138733994,-0.5400515090782844
-0.5400515090782844,0.4202045081873149
0.4202045081873149,-0.06393610212701828
-0.06393610212701828,0.4981877864024625
0.4981877864024625,-1.0745429258647434
-1.0745429258647434,-0.1616334331426275
-0.1616334331426275,-1.3850995132691326
-1.3850995132691326,0.346715265119652
0.346715265119652,0.7159029928563432
0.7159029928563432,-0.7741363827955173
-0.7741363827955173,-0.5927034043645085
-0.5927034043645085,-0.6436469787401862
-0.6436469787401862,-0.06641926059725173
-0.06641926059725173,-0.7596156590540806
-0.7596156590540806,-0.8001503530350931
-0.8001503530350931,-0.07125516866986213
-0.07125516866986213,0.8523597636406028
0.8523597636406028,-0.8745754465957001
-0.8745754465957001,0.09193786015651431
0.09193786015651431,0.7681855900838899
0.7681855900838899,-0.3897896460351018
-0.3897896460351018,0.28626094860985735
0.28626094860985735,0.024859162005087202
0.024859162005087202,1.136962439854794
1.136962439854794,-0.5632739324366774
-0.5632739324366774,-0.3218211295081818
-0.3218211295081818,0.1585624900389041
0.1585624900389041,-0.5284865621277625
-0.5284865621277625,-0.11796045499728693
-0.11796045499728693,-0.23398473485636825
-0.23398473485636825,0.445872465595969
0.445872465595969,-0.07896538276267312
-0.07896538276267312,-0.34172067195999895
-0.34172067195999895,-1.7447695219081376
-1.7447695219081376,-1.758002404748954
-1.758002404748954,-4.940081886504199
-4.940081886504199,-1.088846932033162
-1.088846932033162,-1.322608930570949
-1.322608930570949,0.8172586545324504
0.8172586545324504,0.18048816817784122
0.18048816817784122,-0.057497945015546885
-0.057497945015546885,-0.5390587878551019
-0.5390587878551019,0.5923874432580282
0.5923874432580282,0.21754930327563082
0.21754930327563082,-1.6589130720228513
-1.6589130720228513,-0.08372620673208145
-0.08372620673208145,0.4390271951860681
0.4390271951860681,0.530497280740485
0.530497280740485,5.230663702444186
5.230663702444186,-2.9492256329826767
-2.9492256329826767,0.705854906181872
0.705854906181872,-0.26257259759893475
-0.26257259759893475,0.42519891412412597
0.42519891412412597,0.2962917343395991
0.2962917343395991,0.5391323713513733
0.5391323713513733,0.5271808252470379
0.5271808252470379,0.9871337823778473
0.9871337823778473,-0.03134876138531976
-0.03134876138531976,0.14576781057922
0.14576781057922,0.8297779235763538
0.8297779235763538,0.28819820804759944
0.28819820804759944,-1.34641197995095
-1.34641197995095,0.40388903116844804
0.40388903116844804,0.3409612666947459
0.3409612666947459,-0.014311632306976022
-0.014311632306976022,0.24525177875214668
0.24525177875214668,-0.45825935529755507
-0.45825935529755507,-0.6000436095665929
-0.6000436095665929,1.0381729866746767
1.0381729866746767,-0.334508026170194
-0.334508026170194,-0.5024811906681772
-0.5024811906681772,-0.5541239661226525
-0.5541239661226525,-0.4736448931921804
-0.4736448931921804,-0.12110952843963066
-0.12110952843963066,0.04286436845899065
0.04286436845899065,0.7398953921933665
0.7398953921933665,-0.7882358088653482
-0.7882358088653482,0.717953802851795
0.717953802851795,-0.43247691590209253
-0.43247691590209253,-0.006578640643850935
-0.006578640643850935,-0.08374380576683184
-0.08374380576683184,0.6921347529113716
0.6921347529113716,5.216281424825052
5.216281424825052,-0.5792989830721194
-0.5792989830721194,-0.7061527673211548
-0.7061527673211548,-0.13693143193111895
-0.13693143193111895,1.4008880239521744
1.4008880239521744,2.0363966028853984
2.0363966028853984,-0.6667898896760198
-0.6667898896760198,-0.21227919975374243
-0.21227919975374243,-1.2318262096973616
-1.2318262096973616,-0.15490840140171894
-0.15490840140171894,-0.5169233181140297
-0.5169233181140297,0.3515726964109588
0.3515726964109588,-0.600063303960602
-0.600063303960602,-0.06827828112753057
-0.06827828112753057,-0.6005408120900595
-0.6005408120900595,0.1649482926688854
0.1649482926688854,-1.7465692076725223
-1.7465692076725223,-0.44800721370221697
-0.44800721370221697,1.0479249564978657
1.0479249564978657,0.6045574522037899
0.6045574522037899,-0.6301727450276082
-0.6301727450276082,0.05954103395739747
0.05954103395739747,-0.840762092355743
-0.840762092355743,-0.20312142735714994
-0.20312142735714994,1.5648577371840102
1.5648577371840102,-0.5099145971725935
-0.5099145971725935,-1.1737201078985742
-1.1737201078985742,-0.016409427478781616
-0.016409427478781616,-0.4830435404005029
-0.4830435404005029,0.6351256778849782
0.6351256778849782,0.5484950958134005
0.5484950958134005,-0.03170310173440987
-0.03170310173440987,-0.6021419801452745
-0.6021419801452745,0.7471856541978308
0.7471856541978308,0.2678520834337154
0.2678520834337154,-1.9604428773667546
-1.9604428773667546,0.10974203715506295
0.10974203715506295,0.03604721637854212
0.03604721637854212,-0.41579897195579946
-0.41579897195579946,-0.6825653401332544
-0.6825653401332544,0.08710439778020526
0.08710439778020526,1.121044612735649
1.121044612735649,-1.5876395633237506
-1.5876395633237506,-1.0322725062341411
-1.0322725062341411,-0.4578037655113343
-0.4578037655113343,0.09721924159638604
0.09721924159638604,1.5267756397132226
1.5267756397132226,-1.914542229491617
-1.914542229491617,0.6323155958729779
0.6323155958729779,0.5322877663870175
0.5322877663870175,0.8812088137170945
0.8812088137170945,0.7893360054022577
0.7893360054022577,0.8922252870610193
0.8922252870610193,1.381762856975292
1.381762856975292,-2.173309449734621
-2.173309449734621,1.166142139686576
1.166142139686576,0.35288806985589594
0.35288806985589594,-0.5803326512360878
-0.5803326512360878,-0.15889997095440386
-0.15889997095440386,0.10300797912001024
0.10300797912001024,0.13939347413702716
0.13939347413702716,-0.24162183502042697
-0.24162183502042697,0.02057151681744661
0.02057151681744661,-0.38489061965121457
-0.38489061965121457,0.08770678838969641
0.08770678838969641,0.3068374488831568
0.3068374488831568,-0.13214292002719305
-0.13214292002719305,0.06836109685581693
0.06836109685581693,-0.4441673980590359
-0.4441673980590359,0.14055495805953325
0.14055495805953325,0.919764005854648
0.919764005854648,-0.16562648352935258
-0.16562648352935258,0.2652477882844997
0.2652477882844997,0.10503230057311672
0.10503230057311672,0.09828953528189895
0.09828953528189895,-0.40122213683657615
-0.40122213683657615,0.0075204398054640855
0.0075204398054640855,-0.6329513130845273
-0.6329513130845273,-0.333202055488328
-0.333202055488328,-0.21040145722070894
-0.21040145722070894,-0.5033915052996182
-0.5033915052996182,0.18355507487969316
0.18355507487969316,0.15224946607999063
0.15224946607999063,-0.5431485972509188
-0.5431485972509188,0.24999530734619205
0.24999530734619205,0.5879361892843766
0.5879361892843766,-1.0623487880007916
-1.0623487880007916,0.23973142706681022
0.23973142706681022,0.5017667849676748
0.5017667849676748,0.043442478752524945
0.043442478752524945,0.5223625726517619
0.5223625726517619,0.7215872007562505
0.7215872007562505,-0.23257465479710077
-0.23257465479710077,1.0802591141203253
1.0802591141203253,0.07984536907532455
0.07984536907532455,0.32454298859633457
0.32454298859633457,0.9149128479277732
0.9149128479277732,0.19266012680330205
0.19266012680330205,-0.0741587408788488
-0.0741587408788488,0.819527284467275
0.819527284467275,-1.3170532566182578
-1.3170532566182578,0.32531061268487466
0.32531061268487466,0.8204607385618308
0.8204607385618308,0.2794760616819973
0.2794760616819973,0.5921924596202095
0.5921924596202095,-0.22242778413372252
-0.22242778413372252,-0.11872096785163809
-0.11872096785163809,-0.5969882923269347
-0.5969882923269347,0.11470672379297361
0.11470672379297361,-0.15462477956502582
-0.15462477956502582,-0.0156858562254824
-0.0156858562254824,1.072919801918435
1.072919801918435,-0.17033620969618452
-0.17033620969618452,0.899996786866948
0.899996786866948,-0.9798322482549249
-0.9798322482549249,0.13341554963874533
0.13341554963874533,-0.3782369083842671
-0.3782369083842671,1.1322748344061009
1.1322748344061009,0.5666147183690716
0.5666147183690716,0.48760386160884994
0.48760386160884994,0.4315020704719189
0.4315020704719189,-0.15683369081976292
-0.15683369081976292,0.37563936353761224
0.37563936353761224,-0.673724502666081
-0.673724502666081,0.029381804492097905
0.029381804492097905,-0.8412613013515048
-0.8412613013515048,0.25114477577850924
0.25114477577850924,-0.31257086349994184
-0.31257086349994184,-0.2524932278159102
-0.2524932278159102,0.5495858512715749
0.5495858512715749,0.7922298162017696
0.7922298162017696,0.5548548548640125
0.5548548548640125,-0.03689765469109201
-0.03689765469109201,-0.06256614336047042
-0.06256614336047042,-1.5313851987675489
-1.5313851987675489,-0.1611765377065197
-0.1611765377065197,-0.187109433368767
-0.187109433368767,0.8769297127171973
0.8769297127171973,-0.5888310059492902
-0.5888310059492902,0.03969913007859422
0.03969913007859422,0.5032350410182904
0.5032350410182904,0.040780531801162326
0.040780531801162326,-0.20904866527554125
-0.20904866527554125,0.19081141695963055
0.19081141695963055,-0.022729623268081173
-0.022729623268081173,0.2486134388234458
0.2486134388234458,-0.7647692960041473
-0.7647692960041473,0.8272247947168979
0.8272247947168979,0.1114028572439429
0.1114028572439429,-0.686056531339675
-0.686056531339675,0.7011932609050939
0.7011932609050939,-0.5273293470304965
-0.5273293470304965,1.1701486457487087
1.1701486457487087,0.0810055584680319
0.0810055584680319,0.24956908773104905
0.24956908773104905,-0.0226623209435935
-0.0226623209435935,0.11682689343130943
0.11682689343130943,0.5290233060507133
0.5290233060507133,-0.4512241058386843
-0.4512241058386843,-1.1626788689152636
-1.1626788689152636,-0.028932254430563135
-0.028932254430563135,0.22404000287836576
0.22404000287836576,0.5310364981154008
0.5310364981154008,0.2511000552371647
0.2511000552371647,0.473587219066088
0.473587219066088,-0.17267387762999503
-0.17267387762999503,0.5749106524147459
0.5749106524147459,0.27178647601636663
0.27178647601636663,0.22598242855321557
0.22598242855321557,-0.6955699378011367
-0.6955699378011367,-0.08697394508357718
-0.08697394508357718,0.2564305001900115
0.2564305001900115,0.45734964865693195
0.45734964865693195,-0.8370357270136409
-0.8370357270136409,0.5302069970190991
0.5302069970190991,0.32506800364425575
0.32506800364425575,-0.18146970529773412
-0.18146970529773412,0.5181774361094412
0.5181774361094412,0.7733629140996758
0.7733629140996758,0.431092033362008
0.431092033362008,0.3690069683729831
0.3690069683729831,0.10057902831922687
0.10057902831922687,-0.852553543339737
-0.852553543339737,1.2650747833236495
1.2650747833236495,0.5306348097748473
0.5306348097748473,-0.28189766537768207
-0.28189766537768207,0.2747131879545173
0.2747131879545173,0.05681754793332369
0.05681754793332369,0.9636800260010975
0.9636800260010975,0.3518619312281031
0.3518619312281031,0.5878865743736846
0.5878865743736846,0.18039194592269844
0.18039194592269844,0.3765293984846085
0.3765293984846085,-0.9324899921320199
-0.9324899921320199,-1.3528244749885927
-1.3528244749885927,0.15592946326130677
0.15592946326130677,0.49583646161936257
0.49583646161936257,-0.6603263657394729
-0.6603263657394729,-0.09136532397509685
-0.09136532397509685,-0.20137477542530616
-0.20137477542530616,1.1412291356304491
1.1412291356304491,-0.35660477677102786
-0.35660477677102786,0.1444479185060619
0.1444479185060619,-0.0963840465383961
-0.0963840465383961,-0.049790161756757254
-0.049790161756757254,0.3961368956869311
0.3961368956869311,0.2297825136251605
0.2297825136251605,0.27540343250917765
0.27540343250917765,0.6885304560070541
0.6885304560070541,0.32234472444961254
0.32234472444961254,0.964151619890679
0.964151619890679,0.5386920391225994
0.5386920391225994,-0.3428430291860408
-0.3428430291860408,0.9546573533031791
0.9546573533031791,-0.4475027248262927
-0.4475027248262927,0.3271604835394783
0.3271604835394783,0.5282449411601597
0.5282449411601597,-0.1713886608326768
-0.1713886608326768,-0.478422940488596
-0.478422940488596,-0.10085925475826057
-0.10085925475826057,0.47119079462832425
0.47119079462832425,-0.1750440003599947
-0.1750440003599947,0.212047282433402
0.212047282433402,-0.9822540888646653
-0.9822540888646653,-0.22592929763977818
-0.22592929763977818,0.11157399122596513
0.11157399122596513,0.6953846268151926
0.6953846268151926,0.3808910850894846
0.3808910850894846,0.3153427383109117
0.3153427383109117,0.23923526457622132
0.23923526457622132,0.053109287666553
0.053109287666553,-1.2300003346729906
-1.2300003346729906,-0.7879357945986468
-0.7879357945986468,0.7070860235485368
0.7070860235485368,0.030855304878696144
0.030855304878696144,0.7390420110631171
0.7390420110631171,0.354952819828441
0.354952819828441,-0.2490198384527058
-0.2490198384527058,1.10212343449141
1.10212343449141,0.28157257210426717
0.28157257210426717,-0.06140436170573452
-0.06140436170573452,0.9180712362712935
0.9180712362712935,0.16352091822293754
0.16352091822293754,-1.4205971048947887
-1.4205971048947887,0.07218177946842025
0.07218177946842025,-0.2375350065760069
-0.2375350065760069,0.07112396416924191
0.07112396416924191,0.15103448061323146
0.15103448061323146,0.10625321943524653
0.10625321943524653,0.47185947819564167
0.47185947819564167,-0.7223123537624964
-0.7223123537624964,0.07058550068484379
0.07058550068484379,-0.47869953004524396
-0.47869953004524396,0.5691306608892085
0.5691306608892085,-0.2180883497214783
-0.2180883497214783,0.5549601274379564
0.5549601274379564,-0.09388279535958272
-0.09388279535958272,-0.6156761968475755
-0.6156761968475755,-0.1033291187440906
-0.1033291187440906,0.8918454080221908
0.8918454080221908,0.17297758539025834
0.17297758539025834,-0.6607550970564524
-0.6607550970564524,0.575433041579668
0.575433041579668,-0.2743525296336495
-0.2743525296336495,0.04595343044932287
0.04595343044932287,-0.054958209075305325
-0.054958209075305325,0.1684592135662956
0.1684592135662956,0.5572048746657653
0.5572048746657653,-0.014405859647933767
-0.014405859647933767,-0.12062962943709936
-0.12062962943709936,1.0128046413692555
1.0128046413692555,0.32574401531118735
0.32574401531118735,0.9945290810686407
0.9945290810686407,0.26788425775954783
0.26788425775954783,-0.18906768421239803
-0.18906768421239803,1.5029124997871246
1.5029124997871246,0.0026234302363074688
0.0026234302363074688,-0.881692203333809
-0.881692203333809,-0.9611815231277044
-0.9611815231277044,-0.2995309300669193
-0.2995309300669193,0.12448041100877501
0.12448041100877501,-0.9007893552047441
-0.9007893552047441,0.3827404906381467
0.3827404906381467,0.09461344956549063
0.09461344956549063,-0.07457295549189909
-0.07457295549189909,-0.46124164068809426
-0.46124164068809426,1.1195773988230584
1.1195773988230584,0.10542606971963998
0.10542606971963998,-0.39751499886856684
-0.39751499886856684,0.8877994178790289
0.8877994178790289,-0.10932840991951619
-0.10932840991951619,0.15585461387941232
0.15585461387941232,-0.14059908599022047
-0.14059908599022047,0.3803044210067876
0.3803044210067876,-1.2224237048639004
-1.2224237048639004,-0.27950815309758376
-0.27950815309758376,-0.16172741803795845
-0.16172741803795845,0.23459969673934034
0.23459969673934034,0.6830070723293494
0.6830070723293494,-0.3282522396745159
-0.3282522396745159,-3.0752832596600395
-3.0752832596600395,0.5707679408989085
0.5707679408989085,0.18362057601956835
0.18362057601956835,0.4666825717278944
0.4666825717278944,0.6817411699653241
0.6817411699653241,-0.7647307944895944
-0.7647307944895944,-0.46280333193557877
-0.46280333193557877,-0.4562791629543252
-0.4562791629543252,0.5005619742895259
0.5005619742895259,-0.16043277041825768
-0.16043277041825768,0.21468754857796965
0.21468754857796965,0.6008405951984575
0.6008405951984575,-0.608906071585115
-0.608906071585115,-0.5206266874744617
-0.5206266874744617,0.5916887464329491
0.5916887464329491,0.022660771849120857
0.022660771849120857,0.13650864334410495
0.13650864334410495,-0.97039925760211
-0.97039925760211,-1.4117453663643205
-1.4117453663643205,0.5326020124708845
0.5326020124708845,1.4551038568727752
1.4551038568727752,0.018401559387891685
0.018401559387891685,0.05801873650289654
0.05801873650289654,0.2432421480567801
0.2432421480567801,-0.3382800467275058
-0.3382800467275058,0.007067742675336539
0.007067742675336539,0.14297855460306202
0.14297855460306202,1.0420686544087419
1.0420686544087419,0.4200479856810458
0.4200479856810458,-0.45223421352267557
-0.45223421352267557,0.8538403624778449
0.8538403624778449,0.7022374984438411
0.7022374984438411,2.059510615492038
2.059510615492038,-2.1132467370626293
-2.1132467370626293,0.02975662517501401
0.02975662517501401,-0.5336774506449476
-0.5336774506449476,0.7876602546653635
0.7876602546653635,-0.7993601874683334
-0.7993601874683334,0.4412842338860489
0.4412842338860489,0.4922454422396025
0.4922454422396025,0.1197995945106169
0.1197995945106169,0.0007822916807931779
0.0007822916807931779,0.10749726801182534
0.10749726801182534,-0.2230478989493249
-0.2230478989493249,0.28678081604452743
0.28678081604452743,0.0208387960665287
0.0208387960665287,0.1586604654080121
0.1586604654080121,-0.03537723962848579
-0.03537723962848579,0.5843745525110565
0.5843745525110565,2.2657793616597344
2.2657793616597344,0.9543914192996489
0.9543914192996489,0.04151679677743539
0.04151679677743539,-0.1916291906494146
-0.1916291906494146,0.478977511844692
0.478977511844692,-0.31581753620169695
-0.31581753620169695,0.4731730966314509
0.4731730966314509,-0.48156238736816354
-0.48156238736816354,-0.48826906187676244
-0.48826906187676244,-1.2070098995427585
-1.2070098995427585,-0.5009893607803145
-0.5009893607803145,0.4421828805116962
0.4421828805116962,-0.13539323984829213
-0.13539323984829213,0.01790040650063002
0.01790040650063002,-0.4733848985102649
-0.4733848985102649,0.48366834503772077
0.48366834503772077,0.5781059307267264
0.5781059307267264,0.2935552671016736
0.2935552671016736,0.2746274936644687
0.2746274936644687,0.2775927308947625
0.2775927308947625,0.406406901815144
0.406406901815144,0.43241500196512733
0.43241500196512733,0.4175448233321939
0.4175448233321939,0.5037644327273709
0.5037644327273709,0.34120911254152947
0.34120911254152947,-0.22149855174850733
-0.22149855174850733,0.3761449058594613
0.3761449058594613,-0.7385071284458826
-0.7385071284458826,-2.0928430644072322
-2.0928430644072322,0.19762742774642392
0.19762742774642392,0.4790314043686626
0.4790314043686626,-1.2271257224750023
-1.2271257224750023,0.10608390338679738
0.10608390338679738,0.2074883661974867
0.2074883661974867,0.45346733915412796
0.45346733915412796,0.9127524687772774
0.9127524687772774,0.44887959552723383
0.44887959552723383,-0.04389482225471493
-0.04389482225471493,0.18228893368288657
0.18228893368288657,-0.13474838144228662
-0.13474838144228662,0.15198408816506503
0.15198408816506503,0.5565495545233007
0.5565495545233007,0.7391883587563866
0.7391883587563866,0.39209441718878507
0.39209441718878507,-0.12971278630359806
-0.12971278630359806,0.11243009849069516
0.11243009849069516,0.28797217558658694
0.28797217558658694,-0.10953994827008702
-0.10953994827008702,0.006546005022793922
0.006546005022793922,0.05687785963290733
0.05687785963290733,0.022138166484700315
0.022138166484700315,0.23746908611514508
0.23746908611514508,0.9553609464439596
0.9553609464439596,0.16835329033107074
0.16835329033107074,0.41857448756480164
0.41857448756480164,0.5380957379140389
0.5380957379140389,0.46815968990573065
0.46815968990573065,0.4195357816028758
0.4195357816028758,0.11593412827737881
0.11593412827737881,-0.2846136504141694
-0.2846136504141694,0.5088288645342207
0.5088288645342207,-0.13127912488413196
-0.13127912488413196,1.0797846632060988
1.0797846632060988,0.12062896845954078
0.12062896845954078,0.7932969897496587
0.7932969897496587,0.5593304824377875
0.5593304824377875,1.8404055150743448
1.8404055150743448,-0.5476231314254658
-0.5476231314254658,-0.8754477188557839
-0.8754477188557839,-0.5625672161345402
-0.5625672161345402,-0.9299847559729579
-0.9299847559729579,-0.5985725446617992
-0.5985725446617992,0.47371039913108004
0.47371039913108004,0.03418068515021269
0.03418068515021269,0.9055388171642316
0.9055388171642316,-0.18215470643132875
-0.18215470643132875,1.6905157247928293
1.6905157247928293,-0.9063862867659611
-0.9063862867659611,0.8573534025748275
0.8573534025748275,-0.08456051493011467
-0.08456051493011467,0.025112735176674162
0.025112735176674162,0.07789061991258073
0.07789061991258073,1.1193715306393102
1.1193715306393102,0.8966040956070546
0.8966040956070546,0.1962757085553368
0.1962757085553368,0.4646119634272341
0.4646119634272341,0.7273827832268908
0.7273827832268908,-0.5294371241031404
-0.5294371241031404,-0.4050941210424664
-0.4050941210424664,0.9029885988457599
0.9029885988457599,-0.014459294213199202
-0.014459294213199202,-0.1918720588194395
-0.1918720588194395,0.642621643144231
0.642621643144231,0.07287709470312202
0.07287709470312202,-0.24119968392249125
-0.24119968392249125,-1.5857840974506492
-1.5857840974506492,-0.3733553947554866
-0.3733553947554866,1.4220155236468168
1.4220155236468168,0.7574681294393742
0.7574681294393742,-0.3563179941977244
-0.3563179941977244,0.3706031795792759
0.3706031795792759,-0.02083615823171457
-0.02083615823171457,0.05252221441181204
0.05252221441181204,0.6475929249933612
0.6475929249933612,0.3432413674492703
0.3432413674492703,0.1664211371980264
0.1664211371980264,0.14601597088751012
0.14601597088751012,0.1826834894851322
0.1826834894851322,-1.1247455894124114
-1.1247455894124114,-1.5186937229685327
-1.5186937229685327,0.3945695935622953
0.3945695935622953,-0.03355420387408097
-0.03355420387408097,0.6279956063093972
0.6279956063093972,0.9228436600882922
0.9228436600882922,0.4337683926266174
0.4337683926266174,0.35873843328330857
0.35873843328330857,1.0418381074468377
1.0418381074468377,-0.6654903135547043
-0.6654903135547043,0.18987011004681825
0.18987011004681825,0.2705238714168019
0.2705238714168019,0.39761619279261495
0.39761619279261495,-1.1773718350716
-1.1773718350716,0.9210958410129281
0.9210958410129281,0.1363669996305977
0.1363669996305977,1.5845901969992995
1.5845901969992995,-0.005604986622495152
-0.005604986622495152,-0.2610132268441754
-0.2610132268441754,0.07112574331754426
0.07112574331754426,0.6615873477482652
0.6615873477482652,-0.8592520390897463
-0.8592520390897463,0.4432471099653088
0.4432471099653088,-1.5423575413822566
-1.5423575413822566,0.01875215066840077
0.01875215066840077,-0.2896321122292451
-0.2896321122292451,0.15882065756369348
0.15882065756369348,1.0921463706084908
1.0921463706084908,-0.48751603987082887
-0.48751603987082887,0.14439818638406843
0.14439818638406843,0.4039119937918564
0.4039119937918564,-0.12068067030625024
-0.12068067030625024,-0.9929428614642426
-0.9929428614642426,0.13320253635111365
0.13320253635111365,-0.6032592085399391
-0.6032592085399391,-0.1373506974576436
-0.1373506974576436,-1.6482837386999145
-1.6482837386999145,-0.8052592524171356
-0.8052592524171356,-0.9864792105981721
-0.9864792105981721,0.5757476771279583
0.5757476771279583,1.594021323210404
1.594021323210404,-0.7217326905838696
-0.7217326905838696,0.6287768445650916
0.6287768445650916,-0.26226229854557226
-0.26226229854557226,-0.6650082776666101
-0.6650082776666101,-0.13379713204203955
-0.13379713204203955,1.2155458254614708
1.2155458254614708,-0.5644219300283949
-0.5644219300283949,-0.9219069642704556
-0.9219069642704556,0.016984381464599633
0.016984381464599633,1.3738326590153054
1.3738326590153054,-1.197465353861536
-1.197465353861536,0.16438338017475929
0.16438338017475929,0.9687067164471461
0.9687067164471461,-1.161251031215167
-1.161251031215167,7.937730633776853
7.937730633776853,-2.1146593521455177
-2.1146593521455177,-1.9196882135789228
-1.9196882135789228,0.05567459689962236
0.05567459689962236,0.19333859761265546
0.19333859761265546,0.43806350642428216
0.43806350642428216,-1.3300353633395468
-1.3300353633395468,-0.282049189136278
-0.282049189136278,-0.16561443657686511
-0.16561443657686511,1.0440020855439465
1.0440020855439465,-0.12010357200264105
-0.12010357200264105,-1.3728360604725418
-1.3728360604725418,0.15498044735240987
0.15498044735240987,0.5561480941506702
0.5561480941506702,0.7708899837987045
0.7708899837987045,0.5423579519399284
0.5423579519399284,-1.480890828024058
-1.480890828024058,0.8567083758776936
0.8567083758776936,0.6568931264653413
0.6568931264653413,-0.6203154490424833
-0.6203154490424833,0.53163097518958
0.53163097518958,-0.17892298532371945
-0.17892298532371945,1.4284493857312188
1.4284493857312188,0.0293858027458335
0.0293858027458335,1.4192361773366304
1.4192361773366304,-0.7530172467755579
-0.7530172467755579,0.3942316301946089
0.3942316301946089,0.005494877224811343
0.005494877224811343,-0.5551752591940622
-0.5551752591940622,0.27825919928955484
0.27825919928955484,0.018954915783074306
0.018954915783074306,0.794607363351867
0.794607363351867,-0.08308017995895489
-0.08308017995895489,-0.5896733282632213
-0.5896733282632213,0.44504366485409297
0.44504366485409297,0.06928692820995674
0.06928692820995674,0.4811956185505525
0.4811956185505525,-0.77321491423875
-0.77321491423875,0.18173967841905111
0.18173967841905111,-0.1441087157815477
-0.1441087157815477,-0.6684723029893471
-0.6684723029893471,0.6485249350309968
0.6485249350309968,0.3452366167454589
0.3452366167454589,1.6109473628847193
1.6109473628847193,-0.88547857735598
-0.88547857735598,0.4474268365527332
0.4474268365527332,0.004435786341216729
0.004435786341216729,-0.09544425656402832
-0.09544425656402832,0.8950529752189933
0.8950529752189933,0.3673048118751707
0.3673048118751707,0.18739754400102787
0.18739754400102787,-0.6099962418019499
-0.6099962418019499,0.3192126581209303
0.3192126581209303,0.03698266198678914
0.03698266198678914,-0.10420341047463857
-0.10420341047463857,0.2712686462210987
0.2712686462210987,0.3599183334035169
0.3599183334035169,-0.739058940739287
-0.739058940739287,0.6551168683019681
0.6551168683019681,-0.09476127778236035
-0.09476127778236035,0.38281693311129233
0.38281693311129233,0.9457056951822479
0.9457056951822479,-0.10881555779692005
-0.10881555779692005,0.09511063254118823
0.09511063254118823,0.06492643098931661
0.06492643098931661,-0.06523316095437334
-0.06523316095437334,-1.570571874247458
-1.570571874247458,0.6092533161472529
0.6092533161472529,-0.3290797789007444
-0.3290797789007444,0.4890409395001302
0.4890409395001302,-0.4333478549101622
-0.4333478549101622,-0.01622716850755343
-0.01622716850755343,-0.052087890312070804
-0.052087890312070804,0.25988230307515425
0.25988230307515425,0.8346085108492894
0.8346085108492894,-0.32826885522654925
-0.32826885522654925,0.3602421056892218
0.3602421056892218,-0.18244126937503907
-0.18244126937503907,0.17087448313905015
0.17087448313905015,0.48145228833411746
0.48145228833411746,-1.2172819248095355
-1.2172819248095355,0.6964599458597298
0.6964599458597298,0.20358073113571798
0.20358073113571798,1.0143623252801213
1.0143623252801213,0.4225378836241862
0.4225378836241862,-0.5233577656691318
-0.5233577656691318,0.4956130541153749
0.4956130541153749,-0.6061946992236396
-0.6061946992236396,0.6863415209466583
0.6863415209466583,-0.18809716107109076
-0.18809716107109076,-0.679016713191246
-0.679016713191246,0.8092792939735602
0.8092792939735602,0.3059082674627888
0.3059082674627888,0.29729749291147556
0.29729749291147556,-0.009144700909843147
-0.009144700909843147,-0.22517562160031293
-0.22517562160031293,0.10485239786423856
0.10485239786423856,-1.1433200688869178
-1.1433200688869178,-0.02047660907960318
-0.02047660907960318,-0.3237423438370278
-0.3237423438370278,0.7764698797204795
0.7764698797204795,0.4257677360179475
0.4257677360179475,0.285539550051794
0.285539550051794,-1.1019281795021012
-1.1019281795021012,1.0488000006036715
1.0488000006036715,0.29883049600904504
0.29883049600904504,0.3176348268735153
0.3176348268735153,-0.5894613419079627
-0.5894613419079627,0.1493039576054468
0.1493039576054468,-0.3882628778424473
-0.3882628778424473,-0.08752953028286915
-0.08752953028286915,-0.023982741734896302
-0.023982741734896302,-0.39594159435862486
-0.39594159435862486,-0.027819692373576
-0.027819692373576,0.3511501982250836
0.3511501982250836,0.13637105001201902
0.13637105001201902,0.04249675387730633
0.04249675387730633,0.21948813659089766
0.21948813659089766,3.068655587217019
3.068655587217019,-1.0561886539117085
-1.0561886539117085,-0.20345394854823737
-0.20345394854823737,-0.31608928641176953
-0.31608928641176953,0.11773833895325515
0.11773833895325515,0.08887664223422274
0.08887664223422274,0.43600543596377994
0.43600543596377994,-0.3537765876706479
-0.3537765876706479,0.14356822829766222
0.14356822829766222,0.3627743592412408
0.3627743592412408,0.054489648192300115
0.054489648192300115,-0.18222414740183027
-0.18222414740183027,0.14942049644281222
0.14942049644281222,0.8563786621646324
0.8563786621646324,0.6541510548903664
0.6541510548903664,-0.07777049238033389
-0.07777049238033389,0.04022956239713413
0.04022956239713413,-0.2898137479734199
-0.2898137479734199,0.9417546994298099
0.9417546994298099,-0.18252094633190571
-0.18252094633190571,-0.054312454674272176
-0.054312454674272176,0.8538433618715263
0.8538433618715263,0.40671697271171414
0.40671697271171414,0.4061728391470751
0.4061728391470751,0.4395859854772548
0.4395859854772548,-1.8863886036608335
-1.8863886036608335,0.20489770042995728
0.20489770042995728,1.36941300325992
1.36941300325992,0.8065993462236674
0.8065993462236674,1.0220626436881561
1.0220626436881561,-0.28719538347686335
-0.28719538347686335,-0.18454806965777298
-0.18454806965777298,0.10258299390541935
0.10258299390541935,-1.003094659249112
-1.003094659249112,0.20401307577767305
0.20401307577767305,-0.6417727882594566
-0.6417727882594566,0.2160190115609346
0.2160190115609346,1.1769422012937327
1.1769422012937327,-0.05020422671260237
-0.05020422671260237,0.11760630331042622
0.11760630331042622,-0.14677444091814004
-0.14677444091814004,-0.048548042146249214
-0.048548042146249214,-0.46031398385080863
-0.46031398385080863,0.13902622736510548
0.13902622736510548,0.006577838573792706
0.006577838573792706,0.2669831214143965
0.2669831214143965,0.8586440358153574
0.8586440358153574,0.6726443803408735
0.6726443803408735,0.3023218272795911
0.3023218272795911,-0.2216061349996901
-0.2216061349996901,0.9101306942847741
0.9101306942847741,0.45741245224593846
0.45741245224593846,-0.24238758504034563
-0.24238758504034563,-0.1270355142434877
-0.1270355142434877,0.708746028448905
0.708746028448905,-1.204137708011852
-1.204137708011852,0.37923422938366935
0.37923422938366935,-0.979727349907285
-0.979727349907285,0.16184349667203002
0.16184349667203002,0.6725938159991527
0.6725938159991527,-0.6407636290954655
-0.6407636290954655,-0.09223233102716775
-0.09223233102716775,0.10574446007340368
0.10574446007340368,-0.12628599844969565
-0.12628599844969565,-0.19612951945400847
-0.19612951945400847,-0.31499378520245563
-0.31499378520245563,-0.2082040299613077
-0.2082040299613077,0.731421630371043
0.731421630371043,-0.30014228595327674
-0.30014228595327674,-1.0137142764112974
-1.0137142764112974,0.5059997302606631
0.5059997302606631,0.5049648447938488
0.5049648447938488,0.4889824247439364
0.4889824247439364,-0.3525237399730736
-0.3525237399730736,-0.3823373365607954
-0.3823373365607954,1.0019922563126464
1.0019922563126464,-0.18742626939141285
-0.18742626939141285,0.36597948043900513
0.36597948043900513,-0.6862961783575015
-0.6862961783575015,-0.2320006363317498
-0.2320006363317498,0.8482316628491459
0.8482316628491459,-0.17364989819207763
-0.17364989819207763,-1.0537873988085478
-1.0537873988085478,0.2802768893958668
0.2802768893958668,0.37592482043003983
0.37592482043003983,0.7031993344691149
0.7031993344691149,-0.6060693468246244
-0.6060693468246244,-0.1992148685116381
-0.1992148685116381,-0.6301291372499231
-0.6301291372499231,-0.0756960500725939
-0.0756960500725939,-0.36277756254522947
-0.36277756254522947,0.006417105473560607
0.006417105473560607,0.2797609502666845
0.2797609502666845,-1.385103656744182
-1.385103656744182,-1.416483125605209
-1.416483125605209,-2.7783890162983846
-2.7783890162983846,0.12474865061296528
0.12474865061296528,-1.0411098167480577
-1.0411098167480577,0.1871972545610161
0.1871972545610161,0.47595703046253124
0.47595703046253124,-0.4913724704720828
-0.4913724704720828,0.8502597562328941
0.8502597562328941,0.16252751904264454
0.16252751904264454,-0.4937041465861699
-0.4937041465861699,-0.6063004016376871
-0.6063004016376871,0.9533245023280249
0.9533245023280249,0.6837795016557482
0.6837795016557482,-1.1912685782651062
-1.1912685782651062,0.2534116030587624
0.2534116030587624,-0.6580417510739134
-0.6580417510739134,-1.1205021762833578
-1.1205021762833578,1.123052344747397
1.123052344747397,0.3761171810501887
0.3761171810501887,0.03205953603125292
0.03205953603125292,0.3385918260153294
0.3385918260153294,0.8962507203355881
0.8962507203355881,0.09382630352781039
0.09382630352781039,-0.5551371975059132
-0.5551371975059132,-0.15006342053660657
-0.15006342053660657,-0.30713889050923293
-0.30713889050923293,-0.5159225172239693
-0.5159225172239693,0.27488286194063133
0.27488286194063133,-0.3404953976296552
-0.3404953976296552,0.20407620221383643
0.20407620221383643,-1.3369730690603732
-1.3369730690603732,0.25934953647045805
0.25934953647045805,0.6979475664791605
0.6979475664791605,1.0406652830660252
1.0406652830660252,0.10411651777834523
0.10411651777834523,-0.5434121640774706
-0.5434121640774706,0.5623473623332579
0.5623473623332579,-0.11204544061871335
-0.11204544061871335,-0.8989416845129138
-0.8989416845129138,-0.6427175078284957
-0.6427175078284957,-0.008015699391491903
-0.008015699391491903,-0.2204870256793267
-0.2204870256793267,-0.012808674296344805
-0.012808674296344805,-0.9914671037868429
-0.9914671037868429,1.2580152757026963
1.2580152757026963,-0.5875826629633756
-0.5875826629633756,0.7215783307252936
0.7215783307252936,0.5180027470143702
0.5180027470143702,-0.7561819316456774
-0.7561819316456774,1.003632189621889
1.003632189621889,1.2341753808179994
1.2341753808179994,-0.0890268661013828
-0.0890268661013828,-1.2512817524788014
-1.2512817524788014,-0.5728651740771648
-0.5728651740771648,-0.8820346717615786
-0.8820346717615786,1.030724289935552
1.030724289935552,-0.30889934088828136
-0.30889934088828136,-0.07744605069012431
-0.07744605069012431,-1.9463678704709877
-1.9463678704709877,1.3673199421403945
1.3673199421403945,-0.5522980114389195
-0.5522980114389195,-0.8034380189315748
-0.8034380189315748,0.4462695776146623
0.4462695776146623,0.3202573290502444
0.3202573290502444,-0.07655991402946365
-0.07655991402946365,0.6461856391575096
0.6461856391575096,-0.5909243564875717
-0.5909243564875717,0.8606311524799122
0.8606311524799122,0.014604227137090638
0.014604227137090638,-0.9437611969401702
-0.9437611969401702,-0.43524201147203945
-0.43524201147203945,-0.20828065812698832
-0.20828065812698832,0.5441369320666023
0.5441369320666023,-0.009543660526253852
-0.009543660526253852,0.22940562341287646
0.22940562341287646,0.4331897464193891
0.4331897464193891,0.4016051666511675
0.4016051666511675,-0.7375290608157764
-0.7375290608157764,-0.24921598496653297
-0.24921598496653297,1.2086865804687672
1.2086865804687672,2.102967426570791
2.102967426570791,0.6563507865636368
0.6563507865636368,0.2172181131863023
0.2172181131863023,0.12480261059276
0.12480261059276,1.6991944649503237
1.6991944649503237,0.2323879662492983
0.2323879662492983,0.4229486923972842
0.4229486923972842,-0.8326132781291253
-0.8326132781291253,0.6459795325720858
0.6459795325720858,-0.0747458516151422
-0.0747458516151422,-0.01160175782286293
-0.01160175782286293,0.46889106310895384
0.46889106310895384,-0.04804356282874155
-0.04804356282874155,0.1497644353665673
0.1497644353665673,0.02572309728412181
0.02572309728412181,0.15106390100510675
0.15106390100510675,-0.1965694219534364
-0.1965694219534364,0.6091882209738134
0.6091882209738134,0.24759313253731272
0.24759313253731272,-0.33011017836774464
-0.33011017836774464,0.3697836426943009
0.3697836426943009,0.23773173427036776
0.23773173427036776,-0.9522749949410496
-0.9522749949410496,0.9620399214263038
0.9620399214263038,-2.909388454098731
-2.909388454098731,-0.05083299016712776
-0.05083299016712776,-0.6737635116756538
-0.6737635116756538,0.6263850967351969
0.6263850967351969,0.5464984931320153
0.5464984931320153,-0.09668157622153654
-0.09668157622153654,0.44182245196119263
0.44182245196119263,0.03671376333320723
0.03671376333320723,-0.7081207869796947
-0.7081207869796947,-0.31962418376013785
-0.31962418376013785,0.20852406996435938
0.20852406996435938,0.016259363988768732
0.016259363988768732,1.2021701088102668
1.2021701088102668,0.6049304043797867
0.6049304043797867,0.3382382122149186
0.3382382122149186,-0.029461989347072035
-0.029461989347072035,-0.6813552570403066
-0.6813552570403066,0.845578611212757
0.845578611212757,0.025673109527655592
0.025673109527655592,0.700225262315141
0.700225262315141,0.16934805749410342
0.16934805749410342,0.1091496439536574
0.1091496439536574,0.41364338932916134
0.41364338932916134,0.7269620115140051
0.7269620115140051,0.41937921655697363
0.41937921655697363,0.1168611917640449
0.1168611917640449,0.711426908920177
0.711426908920177,0.1684563732731108
0.1684563732731108,-0.18531122897943822
-0.18531122897943822,-0.02297245193000438
-0.02297245193000438,-0.020108297082251255
-0.020108297082251255,0.22906141442880076
0.22906141442880076,-1.0243753253768457
-1.0243753253768457,-0.17499234876219838
-0.17499234876219838,0.6467872928123618
0.6467872928123618,1.5758350126333918
1.5758350126333918,-0.8980368752409701
-0.8980368752409701,0.7478475316839931
0.7478475316839931,0.5782383686462844
0.5782383686462844,0.7893887221323624
0.7893887221323624,-0.25225182920953276
-0.25225182920953276,-1.0921910225377207
-1.0921910225377207,-1.1751217072787012
-1.1751217072787012,-0.31715461471124345
-0.31715461471124345,1.4248220428662044
1.4248220428662044,0.11087148043498625
0.11087148043498625,0.7351399214022138
0.7351399214022138,0.9118891148386509
0.9118891148386509,-0.7513738645219884
-0.7513738645219884,1.2663953086359265
1.2663953086359265,0.47601633607099014
0.47601633607099014,0.9337613658478235
0.9337613658478235,-0.569374360032838
-0.569374360032838,-0.8763593191800645
-0.8763593191800645,-0.6470624295883314
-0.6470624295883314,-0.8280149391204723
-0.8280149391204723,-0.727393615151941
-0.727393615151941,0.5652928831117312
0.5652928831117312,0.5294923527396481
0.5294923527396481,0.8102617514259499
0.8102617514259499,0.13401315837478817
0.13401315837478817,0.9691438640157987
0.9691438640157987,-0.7855376548850393
-0.7855376548850393,-1.3967363995542175
-1.3967363995542175,0.8264449002957542
0.8264449002957542,0.5437665683219297
0.5437665683219297,1.6924174515014991
1.6924174515014991,-0.07342550309637097
-0.07342550309637097,0.43588321602433466
0.43588321602433466,-1.3376301051210784
-1.3376301051210784,-0.3592302014082134
-0.3592302014082134,-0.11556489728249421
-0.11556489728249421,-0.8480486845892795
-0.8480486845892795,0.7393903158911931
0.7393903158911931,-1.518066969391783
-1.518066969391783,-0.6252091421002784
-0.6252091421002784,0.7720807274111043
0.7720807274111043,1.3108234029698371
1.3108234029698371,-0.486237020625132
-0.486237020625132,-1.100973559140642
-1.100973559140642,-1.3997186968105026
-1.3997186968105026,-0.7244273572149343
-0.7244273572149343,-0.8596720343672896
-0.8596720343672896,-0.2377984644296401
-0.2377984644296401,0.7666931690841278
0.7666931690841278,0.7142376131317972
0.7142376131317972,0.8237369961878129
0.8237369961878129,-0.7048433412308222
-0.7048433412308222,-0.07289934029822757
-0.07289934029822757,-0.7415574184798602
-0.7415574184798602,0.8838644346054432
0.8838644346054432,-0.5811378335834635
-0.5811378335834635,0.039221480327036186
0.039221480327036186,0.062162996705177886
0.062162996705177886,0.30800431567402
0.30800431567402,0.5170366894145774
0.5170366894145774,0.09300234934860575
0.09300234934860575,0.6362182870820269
0.6362182870820269,-0.8938501133782434
-0.8938501133782434,-0.025145745904375353
-0.025145745904375353,0.9269978785676232
0.9269978785676232,-0.3530091698765267
-0.3530091698765267,-0.27655463803897046
-0.27655463803897046,0.6281651389803333
0.6281651389803333,-0.3323293884100262
-0.3323293884100262,1.0348536127444845
1.0348536127444845,-1.3888527272089417
-1.3888527272089417,-2.095861912943278
-2.095861912943278,-1.4098607357857016
-1.4098607357857016,-0.706496839612813
-0.706496839612813,-0.0776196611852714
-0.0776196611852714,0.2688524221310444
0.2688524221310444,2.313877348002608
2.313877348002608,-1.0731365967506978
-1.0731365967506978,-0.11493456835796839
-0.11493456835796839,-0.0052019353930299215
-0.0052019353930299215,1.2861113497139385
1.2861113497139385,0.12917136256752415
0.12917136256752415,-0.5160570274635621
-0.5160570274635621,-0.2176236149033846
-0.2176236149033846,0.30810330469039576
0.30810330469039576,0.9774296012308243
0.9774296012308243,0.006923907923907037
0.006923907923907037,0.30522576751167496
0.30522576751167496,-0.820451055996274
-0.820451055996274,-0.027825374295465097
-0.027825374295465097,-0.823580438008734
-0.823580438008734,-1.3543913227418065
-1.3543913227418065,-1.0864963865086332
-1.0864963865086332,0.6849888601711049
0.6849888601711049,2.038732457572689
2.038732457572689,-1.4897452139503882
-1.4897452139503882,-0.0932864971462685
-0.0932864971462685,0.4290750087762986
0.4290750087762986,0.07274052715447184
0.07274052715447184,1.0162249109602604
1.0162249109602604,-0.38479888108412946
-0.38479888108412946,-0.6760371762887696
-0.6760371762887696,-0.6120932978653207
-0.6120932978653207,0.8461383956002476
0.8461383956002476,-0.503147641980479
-0.503147641980479,-0.5063195335236759
-0.5063195335236759,2.4731528317546885
2.4731528317546885,0.11629586645607322
0.11629586645607322,-0.018201955864606868
-0.018201955864606868,-1.509689538873178
-1.509689538873178,-1.0214500519755099
-1.0214500519755099,-0.5338205895845967
-0.5338205895845967,0.3203879553378611
0.3203879553378611,0.22625622258742933
0.22625622258742933,-0.23035110685302432
-0.23035110685302432,0.1571536193514544
0.1571536193514544,0.6490622388980072
0.6490622388980072,-0.6739784475161256
-0.6739784475161256,0.5212803743156877
0.5212803743156877,1.192951378029157
1.192951378029157,0.6842359063620309
0.6842359063620309,0.47299661510641466
0.47299661510641466,-0.16248592428960298
-0.16248592428960298,0.4761825894810954
0.4761825894810954,0.31791445654875494
0.31791445654875494,-1.5372976845390336
-1.5372976845390336,0.6660083313014833
0.6660083313014833,-0.4998340761007248
-0.4998340761007248,0.4457061619979445
0.4457061619979445,-1.524510981214842
-1.524510981214842,-0.7836009552740519
-0.7836009552740519,0.26384793008572227
0.26384793008572227,-0.5924793396743944
-0.5924793396743944,-0.4207765686813717
-0.4207765686813717,1.18234384014753
1.18234384014753,0.9931091184211149
0.9931091184211149,1.0764577017187282
1.0764577017187282,-1.3016680175363817
-1.3016680175363817,-1.1800073407454745
-1.1800073407454745,-0.3059404187516096
-0.3059404187516096,-0.49793998394727224
-0.49793998394727224,-0.19214816218950412
-0.19214816218950412,0.672230537901191
0.672230537901191,-0.08535331639400186
-0.08535331639400186,-2.294408495463807
-2.294408495463807,0.6963018246637562
0.6963018246637562,0.6352417481897485
0.6352417481897485,-0.737546830866249
-0.737546830866249,-0.048812987953996204
-0.048812987953996204,-0.05240358554454005
-0.05240358554454005,-1.416619437597502
-1.416619437597502,-0.3849525028701435
-0.3849525028701435,1.53942978807104
1.53942978807104,0.18026584291791561
0.18026584291791561,-0.1546996643695873
-0.1546996643695873,-0.7552713182715177
-0.7552713182715177,-0.8873902609759668
-0.8873902609759668,0.5231703846314398
0.5231703846314398,0.12407200891262696
0.12407200891262696,-1.3942377955074963
-1.3942377955074963,-1.6371604515485352
-1.6371604515485352,0.015100071004142224
0.015100071004142224,0.6010989954996634
0.6010989954996634,0.6828469128073434
0.6828469128073434,0.08238383725256317
0.08238383725256317,-0.5924789942081248
-0.5924789942081248,-0.665994632702583
-0.665994632702583,0.6895628924709597
0.6895628924709597,0.7465165412644603
0.7465165412644603,0.5555693711211103
0.5555693711211103,-0.6087371356730291
-0.6087371356730291,-0.31158480952947437
-0.31158480952947437,-0.12196279443692247
-0.12196279443692247,0.016609031030645344
0.016609031030645344,0.8133223048090424
0.8133223048090424,0.40017585325667254
0.40017585325667254,-0.5862477823460532
-0.5862477823460532,1.0500259661129614
1.0500259661129614,1.069071582206338
1.069071582206338,1.081571574571694
1.081571574571694,-0.6665877739136407
-0.6665877739136407,0.8191587797084576
0.8191587797084576,0.38734122645290775
0.38734122645290775,0.24931386301480526
0.24931386301480526,-0.4595937353510651
-0.4595937353510651,0.7810396540299209
0.7810396540299209,-1.0013978804558934
-1.0013978804558934,0.09275473064894817
0.09275473064894817,0.5020998147785675
0.5020998147785675,-0.06067919245801287
-0.06067919245801287,-0.9735740734802144
-0.9735740734802144,0.1549181086370161
0.1549181086370161,0.17202179627550918
0.17202179627550918,-2.3834374014558724
-2.3834374014558724,-2.0294174818042903
-2.0294174818042903,-0.32751500227645614
-0.32751500227645614,0.6841799123204722
0.6841799123204722,-0.962343893290784
-0.962343893290784,-0.5128599568607819
-0.5128599568607819,0.40483590771433725
0.40483590771433725,-1.0357255095423221
-1.0357255095423221,0.29469044823904905
0.29469044823904905,0.24855647309989143
0.24855647309989143,0.42598097942242924
0.42598097942242924,-0.48057317345137573
-0.48057317345137573,-0.514125931106279
-0.514125931106279,-0.6678847981839832
-0.6678847981839832,1.1795049866421543
1.1795049866421543,0.4571680287271231
0.4571680287271231,0.05758088213259744
0.05758088213259744,0.22953065870679504
0.22953065870679504,0.6000589392206744
0.6000589392206744,0.3521331935883737
0.3521331935883737,-0.933515185198952
-0.933515185198952,-0.5589262720065785
-0.5589262720065785,-0.2803433306190151
-0.2803433306190151,-0.34687165232808964
-0.34687165232808964,-0.055519075529292965
-0.055519075529292965,0.6124454279637891
0.6124454279637891,0.40002246383110157
0.40002246383110157,-1.0045373872114507
-1.0045373872114507,-1.0685625038743847
-1.0685625038743847,0.32348323024731174
0.32348323024731174,0.8661683649770658
0.8661683649770658,-1.0189692967910657
-1.0189692967910657,-0.9695234555408606
-0.9695234555408606,-0.5189607094930729
-0.5189607094930729,0.17217985867662278
0.17217985867662278,-0.16981585798398657
-0.16981585798398657,1.3212104352104859
1.3212104352104859,-0.7408975975250365
-0.7408975975250365,-0.33094742898267554
-0.33094742898267554,-0.6384414514772802
-0.6384414514772802,0.6255404863557013
0.6255404863557013,-0.22545045613364564
-0.22545045613364564,-1.2293100326845416
-1.2293100326845416,0.6019750094803283
0.6019750094803283,-1.140523521906769
-1.140523521906769,0.2209497681896657
0.2209497681896657,-1.6031166166787278
-1.6031166166787278,0.11833627516546472
0.11833627516546472,0.7770029355670496
0.7770029355670496,-0.35756210383749065
-0.35756210383749065,-0.07277414192842842
-0.07277414192842842,1.2569168559249584
1.2569168559249584,0.7345187292751566
0.7345187292751566,1.1399088544070115
1.1399088544070115,-0.26612575189203513
-0.26612575189203513,-1.0524703517696599
-1.0524703517696599,0.5029015402862512
0.5029015402862512,0.7475770125618607
0.7475770125618607,-1.9800677699784435
-1.9800677699784435,1.5193015699237065
1.5193015699237065,0.2948343112617734
0.2948343112617734,0.7077673907927238
0.7077673907927238,-0.30788956914692506
-0.30788956914692506,-0.310246666318362
-0.310246666318362,0.13847151566158353
0.13847151566158353,-0.2770628974354028
-0.2770628974354028,-0.7848639899917167
-0.7848639899917167,0.7601648172134486
0.7601648172134486,-0.5854980400589276
-0.5854980400589276,0.9307367876403105
0.9307367876403105,-0.39577589620518044
-0.39577589620518044,-0.012106571452749817
-0.012106571452749817,0.9828260022693931
0.9828260022693931,-0.3641991855039145
-0.3641991855039145,0.8466468762159051
0.8466468762159051,-1.0449318201157476
-1.0449318201157476,1.7072040173063623
1.7072040173063623,0.9422980954044107
0.9422980954044107,-0.5542473699681494
-0.5542473699681494,-0.031440689924536136
-0.031440689924536136,0.23014285336357201
0.23014285336357201,0.2489581229234604
0.2489581229234604,-0.4274785312238039
-0.4274785312238039,-0.3352950545691673
-0.3352950545691673,0.9262597684070988
0.9262597684070988,-0.8233078037377993
-0.8233078037377993,-0.0305498976318993
-0.0305498976318993,0.742217774691002
0.742217774691002,0.6064447517462911
0.6064447517462911,-0.5148866777611318
-0.5148866777611318,-0.45645878818976143
-0.45645878818976143,-0.4119508778065516
-0.4119508778065516,0.12402608098218165
0.12402608098218165,0.4777238387249976
0.4777238387249976,1.0741501429898317
1.0741501429898317,-0.7833925976506184
-0.7833925976506184,0.6709520998675532
0.6709520998675532,0.44126870171884774
0.44126870171884774,-0.7056010405853357
-0.7056010405853357,-1.4452403585919262
-1.4452403585919262,-0.2394313551085534
-0.2394313551085534,-0.8857017501890533
-0.8857017501890533,-0.14359085259476403
-0.14359085259476403,-0.22696798338762553
-0.22696798338762553,0.9638820531562794
0.9638820531562794,0.006426853583624296
0.006426853583624296,-0.2397429502406002
-0.2397429502406002,0.009656829822363369
0.009656829822363369,0.9311561518747208
0.9311561518747208,-0.3004868934388342
-0.3004868934388342,0.07716036394550452
0.07716036394550452,0.18208365955385708
0.18208365955385708,-0.15505816467790506
-0.15505816467790506,1.3959819191384772
1.3959819191384772,1.3469579354903416
1.3469579354903416,-0.9575365781273162
-0.9575365781273162,0.8465221231165714
0.8465221231165714,-0.11275908645754688
-0.11275908645754688,0.6203589534561647
0.6203589534561647,-1.2614453526449965
-1.2614453526449965,0.5789166652862721
0.5789166652862721,0.5578161491902442
0.5578161491902442,-1.0822817739683543
-1.0822817739683543,-0.04694050400187611
-0.04694050400187611,0.7452371727856872
0.7452371727856872,0.6240166274092466
0.6240166274092466,0.2631595655527564
0.2631595655527564,0.5532328253323723
0.5532328253323723,-0.7981419446007444
-0.7981419446007444,-1.931054874042948
-1.931054874042948,0.6172635439480645
0.6172635439480645,0.7631035941940417
0.7631035941940417,-0.2479388010053001
-0.2479388010053001,0.7203298188703574
0.7203298188703574,0.852381460498494
0.852381460498494,-0.9146291400740466
-0.9146291400740466,-0.4084832729112505
-0.4084832729112505,1.4036965651353601
1.4036965651353601,-4.132863003312041
-4.132863003312041,-0.1664727052876374
-0.1664727052876374,-1.019588529475623
-1.019588529475623,-0.94833427994075
-0.94833427994075,-0.5185677004849294
-0.5185677004849294,0.3140032400723893
0.3140032400723893,0.1775865604530538
0.1775865604530538,-0.5420396855536949
-0.5420396855536949,0.13880513533906802
0.13880513533906802,-0.19202940598491974
-0.19202940598491974,-0.7068560872458917
-0.7068560872458917,0.5175759569888826
0.5175759569888826,-1.0486836675617945
-1.0486836675617945,-0.5529710228095119
-0.5529710228095119,-0.4535886118619473
-0.4535886118619473,-0.2530212505360143
-0.2530212505360143,0.46564515474600476
0.46564515474600476,0.8639322778472166
0.8639322778472166,-0.22681661902400987
-0.22681661902400987,0.9175688589254689
0.9175688589254689,-0.16360469391756524
-0.16360469391756524,0.009603965435788045
0.009603965435788045,-0.7559430310369852
-0.7559430310369852,-0.7909069205897833
-0.7909069205897833,0.798227814464927
0.798227814464927,-0.19620886742778368
-0.19620886742778368,0.7578976752697919
0.7578976752697919,-0.02597592176084142
-0.02597592176084142,0.7401434426083439
0.7401434426083439,0.2358405591892949
0.2358405591892949,0.36249088137986235
0.36249088137986235,0.7120018736912711
0.7120018736912711,0.739490745933152
0.739490745933152,-0.04816828670099966
-0.04816828670099966,0.33415340245459824
0.33415340245459824,-0.39375287461436653
-0.39375287461436653,0.9307239821073533
0.9307239821073533,0.07273573796477462
0.07273573796477462,0.4058322632624467
0.4058322632624467,-1.5226140458410309
-1.5226140458410309,-0.39180601972468393
-0.39180601972468393,0.1781811829959981
0.1781811829959981,-0.4011601067292337
-0.4011601067292337,-0.45119984529881385
-0.45119984529881385,0.44153760869478575
0.44153760869478575,-1.049783872719963
-1.049783872719963,-1.757044547709285
-1.757044547709285,-0.07079480196113479
-0.07079480196113479,0.8098146158211296
0.8098146158211296,-0.31899438112550477
-0.31899438112550477,-0.03791372111392843
-0.03791372111392843,-0.060220785577800105
-0.060220785577800105,0.4992929409186024
0.4992929409186024,-0.1170580846803127
-0.1170580846803127,-1.0996052441003665
-1.0996052441003665,0.06488743634555984
0.06488743634555984,-0.06829615427411115
-0.06829615427411115,1.8507595141635107
1.8507595141635107,-0.12791980219370266
-0.12791980219370266,0.15703537099338588
0.15703537099338588,-0.021481500234781188
-0.021481500234781188,0.04449608125008886
0.04449608125008886,-1.0944698309093606
-1.0944698309093606,0.47447581541421563
0.47447581541421563,0.6039375253893118
0.6039375253893118,0.18503411551489332
0.18503411551489332,-0.9580482892494873
-0.9580482892494873,-0.162482771431086
-0.162482771431086,-0.861388338201217
-0.861388338201217,3.262768852332671
3.262768852332671,-0.36600134592799355
-0.36600134592799355,0.39087855724309034
0.39087855724309034,-0.3141635081473227
-0.3141635081473227,0.9624053604923953
0.9624053604923953,0.03421397712199623
0.03421397712199623,-0.09516642101589089
-0.09516642101589089,0.2920933051140368
0.2920933051140368,-0.06818395675716415
-0.06818395675716415,0.2817839264697347
0.2817839264697347,0.6763122604999254
0.6763122604999254,0.8109025065905173
0.8109025065905173,0.10122650603903191
0.10122650603903191,0.37562008887438914
0.37562008887438914,0.5192367571516828
0.5192367571516828,1.4114875710858692
1.4114875710858692,-1.1160514724763737
-1.1160514724763737,-0.19572578627504714
-0.19572578627504714,0.6169325676114235
0.6169325676114235,0.4392309119774076
0.4392309119774076,0.46887050548668896
0.46887050548668896,0.5054398766787902
0.5054398766787902,0.281539897582997
0.281539897582997,-0.7118755844665791
-0.7118755844665791,-0.24921371351263708
-0.24921371351263708,-0.6377046858088721
-0.6377046858088721,0.12401343068591655
0.12401343068591655,-0.6896952887727237
-0.6896952887727237,-0.20346022409929887
-0.20346022409929887,0.7337296108453406
0.7337296108453406,0.07570055174746483
0.07570055174746483,-1.0919067841597232
-1.0919067841597232,0.29615079394030686
0.29615079394030686,-0.31131710449166416
-0.31131710449166416,1.0069679102775635
1.0069679102775635,0.6285072221158561
0.6285072221158561,-0.35283304435472423
-0.35283304435472423,0.23616916538682559
0.23616916538682559,0.6536919729109655
0.6536919729109655,-0.28664744663108527
-0.28664744663108527,-0.06928201005838662
-0.06928201005838662,1.1274826682142993
1.1274826682142993,-0.4762633026581377
-0.4762633026581377,-0.24221445478708725
-0.24221445478708725,-0.4318611335694584
-0.4318611335694584,-0.7644826187941629
-0.7644826187941629,-0.7340091518424605
-0.7340091518424605,-0.45445514464915443
-0.45445514464915443,-0.7273249849857096
-0.7273249849857096,0.09741761032269695
0.09741761032269695,-0.6489371468342566
-0.6489371468342566,0.6120702212238045
0.6120702212238045,-1.854340888903985
-1.854340888903985,-0.6723876611140555
-0.6723876611140555,-0.6137205101944504
-0.6137205101944504,-0.14819226381765616
-0.14819226381765616,0.6473884416532689
0.6473884416532689,0.8338738527379741
0.8338738527379741,0.24011108584595553
0.24011108584595553,-1.0787736195297923
-1.0787736195297923,-0.7310734247807001
-0.7310734247807001,0.07928084690702708
0.07928084690702708,0.19302178631283776
